---------- Intermediate Graphs Results ----------
Initial pheromones: 0.03
Evaporation rate: 0.1
Pheromone deposit: 1
Number of iterations: 1000
Number of ants: 50
ALPHA: 2
BETA: 1

---------- edges_25.csv ----------
Elapsed time (ms):            4664
Path:                          0 22 12 23 4 17 7 11 8 24 20 6 21 13 14 1 2 16 3 19 10 18 15 9 5 0
Path total distance:          287240

Executing 2-opt swap
Elapsed time (ms):            0
Path after 2-opt:              0 22 4 8 24 17 7 11 6 20 21 13 14 1 2 16 3 19 10 18 15 9 5 23 12 0
Path total distance:          280592 (2%)

---------- edges_50.csv ----------
Elapsed time (ms):            17343
Path:                          0 44 24 32 10 41 20 19 1 39 8 49 27 29 6 11 4 17 37 30 9 13 48 14 47 25 12 33 35 7
                               22 2 26 23 45 15 16 21 18 36 46 3 42 40 28 43 34 5 31 38 0
Path total distance:          458175

Executing 2-opt swap
Elapsed time (ms):            1
Path after 2-opt:              0 44 31 38 5 34 43 28 40 42 3 46 15 21 16 36 18 45 23 26 2 22 7 33 35 25 12 47 48 14
                               13 9 17 37 30 4 11 6 29 27 49 8 39 19 1 41 20 10 32 24 0
Path total distance:          439273 (4%)

---------- edges_75.csv ----------
Elapsed time (ms):            38489
Path:                          0 64 46 31 51 16 36 11 44 4 65 33 69 43 29 37 14 52 32 22 7 60 15 24 30 3 63 9 19 34
                               71 47 73 6 39 70 74 2 38 59 72 62 49 1 28 54 21 40 56 5 23 18 20 12 68 42 27 17 53 26
                               13 61 57 41 45 55 8 48 35 58 25 10 50 66 67 0
Path total distance:          558447

Executing 2-opt swap
Elapsed time (ms):            4
Path after 2-opt:              0 64 46 31 51 16 36 11 67 66 50 10 25 35 58 48 8 55 45 41 57 61 13 26 53 68 12 42 27 17
                               60 15 24 30 3 74 70 39 6 71 47 73 34 19 9 63 7 2 38 59 72 62 49 1 28 54 40 56 5 20
                               18 23 21 22 32 52 14 37 29 43 33 69 4 65 44 0
Path total distance:          528906 (5%)

---------- edges_100.csv ----------
Elapsed time (ms):            68809
Path:                          0 42 72 55 59 78 12 5 58 88 77 75 25 94 7 60 64 91 84 47 11 51 39 36 83 2 86 68 98 85
                               54 32 45 28 40 71 49 19 57 65 70 62 9 67 48 89 27 10 15 30 76 66 81 46 1 93 74 31 96 6
                               3 69 44 35 33 20 82 92 52 61 38 24 80 50 29 73 18 99 34 17 43 95 22 13 41 63 90 14 8 26
                               21 4 16 56 23 97 87 37 53 79 0
Path total distance:          603949

Executing 2-opt swap
Elapsed time (ms):            7
Path after 2-opt:              0 42 41 63 59 78 12 5 58 88 77 75 25 94 7 60 64 91 84 47 11 51 39 36 83 86 68 98 85 54
                               2 45 32 40 28 71 49 19 57 65 70 62 9 67 48 27 89 15 30 10 76 66 81 46 93 1 74 6 31 96
                               3 69 44 35 33 20 50 80 24 38 61 52 92 82 99 18 73 29 34 17 43 95 22 13 90 79 53 37 87 97
                               23 4 16 56 21 26 8 14 72 55 0
Path total distance:          555550 (8%)

---------- edges_200.csv ----------
Elapsed time (ms):            263179
Path:                          0 88 138 58 154 132 39 42 85 32 159 67 150 16 62 193 45 50 14 104 28 40 8 141 41 4 101 75 72 184
                               43 94 113 160 181 179 73 171 37 90 122 24 186 57 153 71 56 115 142 23 127 110 162 31 76 35 44 106 194 149
                               86 161 82 107 1 46 172 38 168 133 175 36 52 166 83 93 98 187 144 167 48 152 17 124 182 15 136 108 102 51
                               114 190 60 68 3 128 34 155 195 140 112 117 131 30 12 49 180 65 54 196 21 69 134 96 103 188 139 177 170 135
                               129 157 185 99 33 77 145 147 89 80 116 199 146 148 105 47 92 123 6 91 78 5 198 163 18 84 13 165 2 192
                               197 119 100 70 121 7 22 183 169 81 189 29 66 19 20 125 95 158 53 55 79 164 11 173 120 9 87 109 59 25
                               74 176 130 118 26 27 61 111 63 178 10 156 191 137 143 64 97 174 126 151 0
Path total distance:          787937

Executing 2-opt swap
Elapsed time (ms):            34
Path after 2-opt:              0 88 138 58 154 132 39 42 85 32 159 67 150 16 62 41 4 101 75 72 184 43 94 113 160 179 181 73 171 37
                               90 122 24 186 57 153 71 56 115 142 23 127 110 162 44 35 76 31 106 194 149 86 161 82 107 1 46 168 38 172
                               61 27 26 118 133 175 36 52 166 83 93 98 187 144 167 48 152 17 124 182 15 136 108 102 51 114 190 60 68 3
                               128 34 155 195 49 12 30 131 117 112 140 180 65 54 196 21 69 177 139 188 103 96 134 170 135 185 157 129 99 33
                               198 5 78 91 6 123 92 47 105 148 146 199 116 80 89 147 145 77 22 183 169 81 189 29 66 7 121 70 100 119
                               197 192 2 165 13 84 18 163 19 20 125 95 158 53 55 79 164 11 173 120 9 87 109 59 25 74 176 130 28 104
                               14 50 45 40 8 141 193 191 156 10 178 63 111 137 151 64 143 97 174 126 0
Path total distance:          712785 (10%)

---------- edges_300.csv ----------
Elapsed time (ms):            593404
Path:                          0 93 4 161 16 39 181 80 244 274 10 100 248 225 91 129 38 289 169 9 150 180 33 196 207 146 193 185 124 221
                               128 273 261 19 281 41 52 175 58 182 55 170 292 233 112 13 119 12 99 265 70 90 158 171 297 291 75 224 240 34
                               157 269 77 155 109 51 283 159 40 56 94 275 222 253 228 231 123 140 204 192 186 280 22 278 210 127 35 83 296 166
                               104 64 252 270 183 53 101 106 49 43 97 288 197 213 121 45 229 32 115 105 205 223 272 191 232 250 61 108 184 103
                               255 71 156 23 69 111 84 190 144 31 277 18 217 66 138 72 117 30 243 57 238 143 85 20 86 134 254 211 286 24
                               63 21 27 59 120 216 246 2 89 162 179 107 153 256 42 214 195 67 187 230 82 241 116 276 263 149 79 245 142 5
                               282 294 257 226 14 130 48 28 8 268 11 81 135 219 36 267 188 168 194 47 137 237 249 141 151 285 178 242 290 239
                               65 3 198 212 271 234 44 122 78 15 62 98 258 176 167 88 163 132 174 264 227 251 92 29 295 262 215 139 125 145
                               1 110 131 298 199 299 136 173 147 236 287 148 218 152 189 68 87 259 76 74 95 206 114 293 26 200 46 118 201 102
                               165 50 209 220 113 202 260 235 208 37 172 203 154 54 284 73 266 279 7 17 126 247 96 177 6 25 160 164 60
                               0
Path total distance:          1095438

Executing 2-opt swap
Elapsed time (ms):            81
Path after 2-opt:              0 93 4 161 16 39 181 80 244 274 10 100 248 225 91 129 38 289 169 9 150 180 33 196 207 146 193 227 264 92
                               29 208 235 260 202 113 220 209 50 165 102 201 118 200 46 203 154 54 284 73 266 279 7 17 126 247 96 177 60 164
                               160 25 6 37 172 76 259 87 99 265 70 90 158 171 297 291 75 224 240 34 157 269 77 214 42 256 153 107 179 162
                               89 2 246 216 120 59 27 21 63 24 286 211 254 134 86 20 85 143 238 57 26 243 293 114 206 95 74 31 277 18
                               217 66 138 72 117 30 32 115 105 205 223 272 191 232 250 61 108 184 103 255 71 156 69 23 111 84 190 144 229 45
                               121 213 197 288 97 43 49 106 101 270 183 53 252 64 104 166 296 83 35 127 210 278 22 280 186 192 204 140 123 231
                               228 253 222 275 94 283 159 40 56 51 109 155 195 67 187 230 82 241 116 276 263 149 79 245 142 5 282 294 257 226
                               14 130 48 28 8 268 11 81 135 219 36 267 188 168 194 47 137 237 295 262 215 242 178 285 151 141 249 139 125 145
                               1 110 131 298 199 299 136 173 147 236 287 148 218 152 189 68 12 119 13 112 233 292 170 55 182 58 175 52 41 281
                               19 261 273 128 221 124 185 251 174 132 163 88 167 176 258 98 62 15 78 122 44 234 271 212 198 3 65 239 290
                               0
Path total distance:          979228 (11%)

---------- edges_400.csv ----------
Elapsed time (ms):            1105906
Path:                          0 66 65 139 1 210 222 92 392 82 256 393 213 248 308 4 271 47 371 283 394 296 95 299 374 181 301 155 310 135
                               294 75 157 247 73 185 285 29 381 137 215 245 314 25 352 31 159 258 284 14 100 237 94 252 312 86 347 149 17 208
                               138 35 12 182 42 110 250 366 241 107 272 398 106 373 278 369 88 329 382 23 124 177 298 207 265 10 242 60 276 387
                               9 337 261 206 162 70 251 201 81 287 153 128 33 291 204 246 161 326 306 189 142 105 57 136 166 315 260 163 168 334
                               2 275 176 172 311 197 211 336 34 120 104 305 297 230 41 45 214 219 318 221 148 50 115 220 119 340 64 399 228 200
                               52 281 397 350 372 370 167 112 190 380 62 187 103 270 259 46 342 290 30 224 180 117 147 323 111 360 63 328 195 5
                               338 330 78 378 48 289 32 196 11 332 69 173 6 361 43 18 133 322 151 395 346 8 353 333 262 54 84 141 396 118
                               53 365 375 93 267 344 331 363 27 24 140 255 21 71 327 383 227 376 87 368 28 339 316 74 171 239 44 122 273 83
                               191 203 68 391 170 145 292 282 55 179 121 244 379 109 249 126 325 85 80 132 319 97 186 257 129 229 209 384 19 238
                               59 377 3 266 355 216 7 127 90 268 234 389 232 307 341 134 343 144 38 231 193 158 22 286 146 72 184 274 20 236
                               169 61 108 233 217 279 116 164 263 175 183 358 156 264 77 324 277 317 302 101 99 98 359 40 226 243 39 348 288 96
                               152 160 385 89 303 356 165 354 154 76 223 194 202 364 150 67 320 212 36 367 269 300 388 58 113 37 102 91 114 125
                               362 218 280 309 130 235 26 13 321 240 335 56 386 357 199 143 345 188 295 51 205 198 123 174 293 253 131 225 254 349
                               313 390 16 15 79 192 304 351 178 49 0
Path total distance:          1285288

Executing 2-opt
Elapsed time (ms):            136
Path after 2-opt:              0 66 65 139 1 210 222 259 270 103 187 62 380 190 112 167 370 184 72 146 286 22 158 193 231 38 144 343 134 341
                               307 232 389 234 268 90 127 7 216 355 266 3 377 274 20 236 169 61 108 233 217 279 116 164 263 175 183 358 156 264
                               77 324 277 317 302 101 99 98 359 40 226 243 39 348 288 96 152 92 392 82 256 393 213 248 308 4 271 47 371 283
                               394 296 95 299 374 181 301 155 310 135 294 75 157 83 137 215 245 314 262 333 110 42 182 12 35 138 208 17 149 347
                               86 312 252 94 237 100 14 284 258 159 31 352 25 381 29 285 185 73 247 273 122 44 239 171 74 316 339 28 368 87
                               376 383 227 24 140 255 21 71 327 27 363 331 344 267 93 375 365 53 118 396 141 84 54 191 203 68 257 186 97 319
                               132 80 85 325 126 249 109 379 244 121 179 55 282 292 145 238 59 170 391 129 229 209 384 19 46 342 290 30 224 180
                               117 147 323 111 360 63 328 195 5 338 330 78 378 69 332 11 196 32 289 48 173 6 361 43 18 133 322 151 395 346
                               366 250 353 8 241 107 272 398 106 373 278 369 88 329 382 23 124 177 298 207 265 10 242 60 276 387 9 162 206 261
                               337 70 251 201 81 287 153 128 33 291 204 246 161 326 306 189 142 105 57 136 166 315 260 163 168 334 2 275 176 172
                               311 197 211 303 356 165 354 154 76 223 194 202 364 150 67 320 89 385 160 372 350 397 281 52 200 228 399 64 340 119
                               220 115 50 148 221 318 219 214 45 41 230 297 305 104 120 34 336 212 36 367 269 300 388 58 113 37 102 91 114 125
                               362 218 280 309 130 235 26 13 321 240 335 56 386 357 199 143 345 188 295 51 205 198 123 174 293 253 131 225 254 349
                               313 390 16 15 79 192 304 351 178 49 0
Path total distance:          1149386 (11%)

 edges_500.csv ----------
Elapsed time (ms):            1757495
Path:                          0 194 441 122 180 218 335 482 137 476 217 371 232 400 94 2 397 477 433 166 248 26 488 234 159 155 142 69 481 238
                               329 307 160 455 167 212 29 445 317 256 181 33 368 6 89 495 286 35 387 131 413 327 119 189 121 356 43 7 188 462
                               404 258 313 360 358 362 17 310 116 186 108 458 78 102 339 105 171 16 185 467 93 184 354 28 315 318 424 326 422 259
                               97 4 496 277 168 200 382 61 468 197 216 9 270 430 74 31 370 393 223 337 255 210 295 260 480 92 472 225 100 344
                               484 435 395 45 23 62 324 281 52 117 266 336 113 51 298 176 355 32 428 290 461 267 463 84 447 182 407 98 87 118
                               439 19 46 456 170 1 373 177 274 305 464 199 130 263 161 487 460 162 54 107 41 30 60 152 485 269 231 85 302 392
                               421 367 101 202 42 73 275 333 236 63 71 351 228 156 10 366 352 11 353 388 135 40 153 240 427 486 491 308 206 208
                               249 288 376 364 163 402 319 348 378 104 289 244 417 391 396 91 497 453 146 384 243 14 90 408 282 75 450 126 77 287
                               106 285 239 49 44 193 419 406 323 253 50 251 291 88 357 390 86 20 230 479 394 13 380 173 278 178 79 164 83 385
                               132 429 423 221 363 334 123 349 375 22 377 457 449 311 403 350 245 8 227 18 475 272 300 174 346 144 343 412 192 175
                               99 141 201 306 369 136 478 471 233 252 330 443 490 81 451 254 68 72 110 303 372 437 237 21 386 56 140 143 320 312
                               489 342 58 38 321 436 138 205 172 268 95 48 279 207 211 296 148 215 418 365 128 474 12 405 241 483 383 301 179 250
                               195 297 431 57 36 229 111 398 15 127 150 220 444 3 66 416 469 39 345 183 425 80 133 273 359 5 466 214 283 498
                               165 154 114 340 257 112 276 494 37 203 224 316 379 151 24 499 25 338 414 322 70 347 82 415 401 448 198 452 280 67
                               47 411 134 492 115 328 292 213 55 271 381 96 325 103 125 158 374 293 124 261 246 226 332 294 438 27 76 59 265 242
                               314 65 331 53 34 420 145 284 264 399 109 465 219 190 341 309 440 247 209 442 129 299 64 120 434 157 409 169 446 191
                               459 454 262 493 361 149 204 426 196 235 410 432 304 147 473 187 139 389 222 0
 total distance:          1299789

Executing 2-opt swap
Elapsed time (ms):            210
Path after 2-opt:              0 194 441 122 180 218 335 482 137 476 217 371 232 400 94 2 397 477 433 166 248 26 488 234 159 33 181 256 317 445
                               29 212 167 455 160 307 329 238 481 69 142 155 136 478 471 233 252 330 369 306 449 311 403 350 245 8 227 18 475 272
                               346 174 300 144 343 412 192 175 99 141 201 457 377 22 375 349 123 334 363 221 423 429 132 385 83 164 79 178 278 173
                               380 13 394 479 230 20 86 390 357 88 291 251 50 253 323 406 419 49 44 193 239 285 106 287 77 126 450 75 282 408
                               90 14 243 384 146 453 497 91 391 396 417 244 289 104 378 348 319 402 163 364 376 288 249 208 206 308 491 486 427 240
                               153 40 135 388 353 11 352 366 10 76 59 265 242 314 65 331 53 34 420 145 284 264 399 109 465 219 190 341 309 440
                               247 209 442 129 299 64 120 434 157 409 169 446 191 459 454 262 493 361 149 204 426 196 235 410 432 304 147 473 187 139
                               389 222 89 6 368 277 496 4 97 259 422 326 424 318 315 28 354 184 255 210 295 260 480 92 472 225 100 344 484 435
                               395 45 23 62 324 281 52 117 266 336 113 51 298 176 355 32 428 290 461 267 463 84 447 182 407 98 87 118 439 19
                               46 456 170 1 373 177 274 30 41 107 54 162 460 161 487 263 130 199 464 305 60 152 485 269 231 85 302 392 421 367
                               101 202 42 73 275 333 236 63 71 351 228 156 27 438 294 332 226 246 261 124 293 374 158 125 103 325 96 381 271 55
                               213 292 328 115 492 134 411 47 67 280 452 198 448 401 415 82 347 70 322 414 338 25 499 24 151 379 316 224 114 154
                               165 498 283 214 466 5 359 273 133 80 425 183 345 39 469 416 66 3 444 220 150 127 15 398 111 229 36 57 431 297
                               195 250 179 301 383 483 241 48 95 268 172 205 138 436 321 38 405 12 474 128 365 418 215 148 296 211 207 279 203 340
                               257 112 276 494 37 72 110 303 372 437 237 21 386 56 140 143 320 312 489 342 58 68 254 451 81 490 443 168 200 382
                               61 468 197 216 9 270 430 74 31 370 393 223 337 93 467 185 16 171 105 339 102 78 458 108 186 116 310 17 362 358
                               360 313 258 404 462 188 7 43 356 121 189 119 327 413 131 387 35 286 495 0
Path total distance:          1196953 (8%)

---------- edges_600.csv ----------
Elapsed time (ms):            2541475
Path:                          0 225 508 329 548 459 588 525 384 296 259 248 221 318 374 399 339 539 360 489 576 53 308 325 217 108 249 171 99 313
                               244 47 372 42 195 256 144 472 435 496 89 1 243 65 66 501 353 388 554 289 598 396 237 535 192 480 513 376 19 3
                               69 120 273 119 359 475 269 222 95 560 398 429 494 13 559 174 555 531 550 298 423 37 107 169 567 202 509 367 232 311
                               246 268 28 346 257 342 490 60 561 595 165 226 25 319 580 498 495 274 4 506 283 239 149 415 70 181 332 507 514 123
                               40 102 524 300 546 593 154 591 526 582 497 438 35 393 301 406 175 270 172 275 9 267 432 328 491 50 44 505 341 356
                               331 528 369 146 570 189 366 386 377 478 305 284 430 451 110 23 33 262 131 365 176 564 58 400 79 151 265 519 573 345
                               448 453 334 422 315 49 193 288 113 434 173 153 389 439 477 503 310 129 235 521 402 552 251 118 557 46 138 85 583 392
                               443 263 511 322 55 571 412 317 566 160 147 76 101 103 574 219 7 295 414 320 368 22 158 444 512 299 279 238 86 304
                               81 210 34 12 515 228 10 52 36 73 185 216 142 124 543 380 11 481 133 381 166 454 510 471 458 56 74 350 39 97
                               266 261 264 541 139 532 57 461 390 255 401 596 87 51 522 201 121 62 98 569 316 128 177 523 395 355 354 556 297 29
                               518 590 141 91 545 191 427 379 260 303 468 159 197 358 445 433 164 90 213 30 105 352 418 163 499 204 370 254 291 558
                               21 188 236 140 132 536 426 276 136 330 143 285 208 456 417 241 572 577 209 357 575 282 391 167 484 473 599 196 538 54
                               363 20 126 100 31 413 348 530 309 410 361 215 440 488 253 278 229 109 67 80 18 199 394 206 586 162 245 5 32 45
                               409 405 449 314 6 16 492 373 504 420 584 286 362 534 277 212 340 252 15 64 75 460 117 442 587 307 43 187 184 183
                               27 83 224 544 424 179 403 130 592 397 96 462 194 516 137 487 568 371 271 474 467 549 337 327 152 93 281 553 476 240
                               148 182 78 2 500 447 155 207 446 404 578 565 421 437 125 145 533 61 186 466 280 547 230 486 378 517 127 527 135 542
                               203 168 537 94 198 170 26 529 520 457 343 579 180 112 205 218 48 485 14 465 292 161 24 482 233 231 157 178 17 455
                               540 585 589 247 387 431 223 450 306 441 323 335 464 336 134 407 41 294 411 72 408 122 200 562 63 59 338 312 68 250
                               8 115 349 416 347 111 351 375 287 383 92 77 227 436 220 88 104 502 470 82 150 581 469 483 258 234 479 344 114 211
                               71 106 190 302 38 242 493 84 382 272 364 290 326 597 156 428 594 425 293 324 321 563 551 452 214 116 385 419 463
                               0
Path total distance:          1466490

Executing 2-opt swap
Elapsed time (ms):            288
Path after 2-opt:              0 225 508 329 548 459 588 525 384 296 259 248 221 318 374 399 339 539 360 489 576 53 308 325 217 108 249 171 99 313
                               244 47 372 42 195 256 144 472 61 186 466 280 547 230 486 378 517 127 527 135 542 112 180 579 343 457 520 529 26 170
                               198 94 537 168 203 120 69 3 19 376 513 480 192 535 237 396 598 289 554 388 353 501 66 65 243 1 89 496 435 266
                               261 264 541 139 532 57 461 390 255 401 596 87 51 522 201 121 62 98 569 316 128 177 523 395 355 354 556 297 29 518
                               590 141 91 545 191 427 379 260 303 468 159 197 358 445 433 164 90 213 30 105 352 418 163 499 204 370 254 291 20 363
                               54 538 196 599 473 484 167 391 282 208 456 417 241 572 577 209 357 575 136 330 143 285 276 426 536 132 140 236 188 126
                               558 21 100 31 413 348 530 309 410 361 215 440 488 253 278 229 109 67 80 18 199 394 162 586 206 245 5 32 45 409
                               405 449 314 6 16 492 373 504 420 584 286 362 534 277 212 340 252 15 64 75 460 117 442 97 39 350 74 56 458 471
                               510 454 166 381 133 481 11 380 543 124 142 216 185 73 36 52 10 228 515 12 34 210 81 304 86 238 279 299 512 444
                               158 22 368 320 414 295 7 219 574 103 101 76 147 160 566 317 412 571 55 322 511 263 443 392 583 85 138 46 557 118
                               251 552 402 521 235 129 310 503 477 439 389 153 173 434 113 288 193 49 315 549 467 284 430 451 110 23 33 262 131 365
                               176 564 58 400 79 151 265 519 573 345 448 453 334 422 474 533 145 125 437 421 565 578 404 446 207 155 447 500 2 78
                               182 148 240 476 553 281 93 152 327 337 305 478 377 386 366 189 570 146 369 528 331 356 341 505 44 50 491 328 432 267
                               9 275 172 270 175 406 301 393 35 438 497 582 526 591 154 593 546 300 524 102 40 123 514 507 332 181 70 415 149 239
                               283 506 4 274 495 498 580 324 321 563 551 452 214 116 385 419 463 293 425 594 428 156 597 326 290 364 272 382 84 493
                               242 38 302 190 106 71 211 114 344 479 234 258 483 469 581 150 82 470 502 104 88 220 436 227 77 92 383 287 375 351
                               111 347 416 349 115 8 250 68 312 338 59 63 562 200 122 408 72 411 294 41 407 589 247 387 431 223 450 306 441 323
                               335 464 336 134 585 540 455 17 178 157 231 233 482 24 292 161 465 14 485 48 218 205 273 119 359 475 269 222 95 560
                               398 429 494 13 559 174 555 531 550 298 423 37 107 169 567 202 509 367 232 311 246 268 28 346 257 342 490 60 561 595
                               165 226 25 319 271 371 568 487 137 516 194 462 96 397 592 130 403 179 424 544 224 83 27 183 184 187 43 307 587
                               0
Path total distance:          1376011 (6%)

---------- edges_700.csv ----------
Elapsed time (ms):            3464662
Path:                          0 640 223 166 667 352 652 188 549 53 364 266 649 190 279 216 673 539 477 423 612 238 394 503 361 201 306 665 451 433
                               548 76 613 368 19 410 193 143 635 669 567 179 60 88 296 566 310 579 443 41 260 504 482 92 627 81 622 699 169 465
                               448 456 656 390 221 671 115 655 212 283 532 164 499 376 417 413 261 113 147 427 200 633 585 589 18 690 623 243 91 321
                               492 606 50 257 299 226 584 578 146 663 56 198 199 430 694 530 551 650 327 599 573 281 450 517 523 645 206 688 236 691
                               74 108 538 209 498 362 422 153 109 657 473 259 63 219 697 634 421 429 263 295 48 358 546 437 29 157 149 664 69 83
                               386 94 180 253 23 490 661 5 95 141 333 274 203 222 47 65 241 587 544 396 71 689 150 332 207 460 475 596 271 30
                               445 173 552 308 522 192 292 319 273 34 371 601 156 570 637 293 122 641 383 10 474 496 183 406 37 269 379 231 225 267
                               399 677 208 515 582 167 127 571 453 31 119 322 158 494 46 342 630 357 626 660 264 1 154 485 272 420 666 625 344 554
                               415 380 392 501 239 62 395 130 507 602 181 611 278 80 275 381 171 195 38 508 262 536 569 384 464 471 590 618 511 300
                               617 51 509 305 416 563 675 628 346 670 419 227 365 230 337 311 112 210 439 72 481 24 341 39 246 559 643 644 562 64
                               608 107 128 123 440 529 488 137 402 598 323 98 629 191 407 668 285 54 97 324 414 679 518 28 639 280 438 258 312 441
                               152 250 686 435 85 632 558 125 466 647 242 43 514 126 66 233 68 535 331 314 287 513 436 75 252 432 385 184 87 547
                               370 683 136 289 104 315 244 177 67 73 484 685 302 15 696 526 101 135 40 111 603 224 2 479 247 541 121 409 404 77
                               36 187 648 59 338 615 249 205 693 444 276 351 186 256 540 309 251 651 476 687 374 528 148 218 521 17 620 531 326 462
                               600 234 42 459 411 553 139 467 49 286 543 347 684 353 172 388 619 575 4 178 348 463 595 294 298 678 555 55 458 26
                               550 363 418 213 610 316 79 57 588 447 580 597 16 367 491 636 654 349 90 160 605 304 681 282 389 434 134 129 235 7
                               576 313 217 133 607 356 307 403 329 120 366 165 449 343 86 674 455 320 534 487 672 470 542 32 93 58 400 151 124 100
                               592 99 405 268 142 493 624 229 211 335 594 442 609 568 277 638 197 483 698 340 328 469 21 525 572 106 89 96 8 564
                               431 377 516 457 318 117 428 659 631 240 495 591 468 510 176 168 84 486 11 561 194 9 170 355 13 391 288 131 105 145
                               577 682 382 245 454 254 581 537 144 398 290 232 472 560 45 359 524 512 369 162 248 616 557 519 61 22 593 182 255 586
                               12 621 604 339 502 174 574 480 646 284 642 424 412 189 237 461 676 103 228 354 489 14 138 159 393 373 533 506 452 397
                               692 545 325 132 110 155 350 270 408 70 556 653 680 78 163 35 82 583 301 401 303 565 52 214 297 372 265 215 140 345
                               527 116 330 500 196 3 6 175 520 317 425 20 161 662 118 33 497 387 478 695 360 185 426 114 44 334 27 291 202 220
                               658 204 25 446 375 378 336 102 0
Path total distance:          1663729

Executing 2-opt swap  time (ms):            424
Path after 2-opt:              0 640 223 166 667 352 652 188 549 53 364 266 649 190 279 216 673 691 236 688 206 645 523 517 450 281 573 599 612 423
                               477 539 74 108 538 209 498 362 422 153 109 657 473 259 63 219 697 634 421 429 263 295 48 358 546 437 29 157 149 664
                               69 83 386 94 180 253 23 490 661 5 95 141 333 274 203 222 47 65 241 587 544 396 71 689 150 332 207 460 475 336
                               378 665 451 433 548 76 613 368 19 410 193 143 635 669 567 179 60 88 296 566 310 579 443 182 593 22 61 519 557 616
                               248 162 369 512 638 277 568 609 442 594 335 211 229 624 493 142 176 510 468 591 495 240 631 659 428 425 317 520 175 6
                               3 196 500 330 116 527 345 140 215 265 372 297 214 52 565 303 401 301 583 82 35 163 78 680 653 556 70 408 270 350
                               155 110 132 325 545 692 373 533 506 452 397 393 159 138 14 489 354 228 103 676 461 237 189 412 424 642 284 646 480 574
                               174 502 339 604 621 12 586 255 375 446 25 204 658 220 202 291 27 334 44 114 426 185 360 695 478 387 497 33 20 161
                               662 118 41 260 504 482 92 627 81 622 699 169 465 448 456 656 390 221 671 115 655 212 283 532 164 499 376 417 413 261
                               113 147 427 200 633 585 589 18 690 623 243 91 321 492 606 530 694 430 199 198 56 663 146 578 584 226 307 356 607 133
                               217 313 576 7 235 129 134 434 389 282 681 304 605 160 90 349 654 636 491 367 16 597 580 447 588 57 79 316 610 213
                               418 363 550 26 458 55 555 678 298 294 595 463 348 178 4 575 619 388 172 353 684 404 77 36 187 648 59 338 615 249
                               205 347 543 286 49 467 139 553 411 459 42 234 600 462 326 531 620 17 521 218 148 528 374 687 476 651 251 309 540 256
                               186 351 276 444 693 409 121 541 247 479 2 224 603 111 40 135 101 526 696 15 302 685 484 73 67 177 244 315 104 289
                               136 683 370 547 87 184 385 432 252 75 436 513 287 314 331 535 68 233 66 126 514 43 242 647 466 125 558 632 85 435
                               686 250 152 441 312 258 438 280 639 28 518 679 414 324 97 54 285 668 407 191 629 98 323 598 402 137 488 529 440 123
                               128 107 608 64 562 644 643 559 246 39 341 24 481 72 439 210 112 311 337 230 365 227 419 670 346 628 675 563 416 305
                               509 51 617 300 511 618 590 471 464 384 569 536 262 508 38 195 171 381 275 80 278 611 181 602 507 130 395 62 239 501
                               415 554 344 625 666 420 272 485 154 1 264 660 626 357 630 342 46 494 158 322 119 31 453 571 127 167 582 515 208 677
                               399 267 225 231 379 269 37 406 183 496 474 10 383 641 122 293 637 570 156 601 371 34 273 392 380 319 292 192 522 308
                               552 173 445 30 271 596 50 257 299 403 329 120 366 165 449 343 86 674 455 320 534 487 672 470 542 32 93 58 400 151
                               124 100 592 99 405 268 168 84 486 11 561 194 9 170 355 13 391 288 131 105 145 577 682 382 245 454 254 581 537 144
                               398 290 232 472 560 45 359 524 197 483 698 340 328 469 21 525 572 106 89 96 8 564 431 377 516 457 318 117 306 201
                               361 503 394 238 551 650 327 102 0
Path total distance:          1514343 (9%)

---------- .csv ----------
Elapsed time (ms):            4535965
Path:                          0 784 340 448 438 757 156 206 509 748 365 631 52 242 75 191 162 786 366 743 764 77 131 756 209 352 307 749 701 361
                               540 380 203 60 132 140 292 229 301 649 213 372 228 28 731 378 220 501 370 437 776 686 245 411 329 317 472 765 680 627
                               733 80 518 624 420 261 683 462 305 266 793 428 89 471 128 284 44 171 10 732 275 724 71 39 179 46 541 115 138 585
                               312 544 264 27 276 390 36 12 244 480 787 353 67 123 730 165 168 294 792 417 295 391 490 705 316 516 563 507 468 278
                               487 678 3 23 155 446 768 263 536 488 348 483 236 419 224 597 405 492 706 598 469 99 711 342 452 582 49 311 611 662
                               577 554 87 605 357 604 590 126 763 157 640 241 708 198 410 401 382 559 339 320 628 677 693 595 84 347 571 76 596 160
                               508 581 435 755 7 641 474 331 121 233 21 164 45 497 109 424 573 770 467 453 268 522 774 717 159 214 279 722 65 158
                               90 103 634 434 615 54 112 633 593 737 288 371 399 350 459 277 637 142 302 2 586 280 119 113 523 525 475 758 546 607
                               271 505 111 50 287 515 636 606 389 387 648 797 359 208 486 747 186 322 194 398 657 653 330 29 703 664 8 460 684 547
                               659 31 670 374 575 396 11 161 188 395 414 533 211 256 442 40 251 444 354 270 609 720 694 34 105 74 589 35 674 520
                               259 439 762 408 195 773 421 181 644 502 489 252 753 70 496 269 41 147 450 600 783 626 117 116 106 565 169 127 246 247
                               643 189 618 654 745 37 190 504 346 319 149 43 55 335 798 369 602 491 629 699 394 709 558 19 524 253 341 449 6 139
                               623 416 73 695 759 651 210 681 513 308 568 231 286 141 454 4 584 617 202 72 433 682 702 285 129 697 735 407 184 672
                               327 551 661 97 239 134 795 118 163 729 166 599 178 176 781 196 114 218 613 592 180 232 62 64 744 430 777 500 687 383
                               580 265 535 30 152 192 679 511 616 455 93 282 719 91 479 144 274 658 650 79 51 309 397 376 779 689 555 788 9 676
                               122 225 298 313 470 736 610 760 297 248 642 104 710 550 124 741 456 534 775 393 519 167 249 173 562 499 769 503 355 632
                               151 556 761 413 531 283 403 59 362 725 481 360 5 304 521 95 495 384 137 721 645 101 267 136 333 739 464 714 300 564
                               746 526 780 146 306 583 476 385 548 254 553 579 688 290 32 728 528 740 130 325 620 375 272 652 726 193 170 655 715 25
                               82 108 690 125 260 343 549 447 314 345 619 569 222 635 133 332 712 250 751 174 98 92 478 463 665 588 96 57 88 790
                               392 778 17 68 576 273 310 603 752 185 704 291 16 432 388 94 415 789 443 404 425 538 429 381 707 318 542 517 78 794
                               426 612 543 539 344 323 38 482 423 639 336 303 445 299 56 326 172 646 557 498 477 368 713 608 560 150 212 409 227 24
                               377 673 257 83 791 532 545 561 406 243 81 418 205 356 293 183 660 199 572 281 738 485 1 175 718 512 601 685 135 145
                               187 20 700 221 328 18 440 120 566 110 200 258 226 66 154 782 349 594 177 675 234 216 668 58 367 13 638 621 527 671
                               296 698 466 42 537 767 785 351 153 625 431 630 364 217 427 262 723 727 215 578 465 386 324 494 85 506 669 182 691 484
                               207 22 373 591 441 235 656 614 53 238 102 754 100 86 552 337 692 334 358 493 473 622 204 230 48 529 458 461 796 143
                               570 696 400 530 47 451 255 289 379 237 574 402 338 240 15 412 667 457 148 63 567 201 14 26 436 422 321 223 33 315
                               363 107 716 69 742 750 666 197 219 734 514 647 766 663 772 61 771 510 0
Path total distance:          1752140

Executing 2-opt swap
Elapsed time (ms):            519
Path after 2-opt:              0 784 340 448 438 757 156 206 509 748 365 631 52 242 75 191 162 786 366 743 764 77 131 756 209 352 307 749 701 361
                               540 380 203 60 132 140 292 229 301 649 213 372 228 28 731 378 220 501 370 437 776 686 245 411 329 317 472 765 680 627
                               733 80 518 624 420 261 683 462 305 266 793 428 89 471 128 284 44 171 10 732 275 724 71 39 179 46 541 115 138 585
                               312 544 264 662 577 554 87 605 357 604 590 126 763 157 640 241 708 198 410 401 382 559 339 320 628 677 693 595 84 347
                               571 76 596 160 508 581 435 755 7 641 474 331 121 233 21 164 45 27 276 390 36 12 244 480 787 353 67 123 730 165
                               168 294 792 417 295 391 490 705 316 516 563 507 468 278 487 678 3 23 155 446 768 263 536 488 348 483 236 419 224 597
                               405 492 706 598 469 497 109 424 573 770 467 453 268 522 774 717 159 214 279 722 65 158 90 103 634 434 615 54 112 633
                               593 737 288 371 399 350 459 277 637 142 302 2 586 280 119 113 523 525 475 758 546 607 271 505 111 50 287 515 636 606
                               389 387 648 797 359 208 486 747 40 442 256 211 533 414 395 188 161 11 396 575 374 670 31 659 547 684 460 8 664 703
                               29 330 653 657 398 194 322 186 251 444 354 270 609 720 694 34 105 74 589 35 674 520 259 439 762 408 195 773 421 181
                               644 502 489 252 753 70 496 269 41 147 450 600 783 626 117 116 106 565 169 127 246 247 643 189 618 654 745 37 190 504
                               346 319 149 43 55 335 798 369 602 491 629 699 394 709 558 19 524 253 341 449 6 139 623 416 73 695 759 212 150 560
                               608 713 368 477 283 542 517 78 794 426 612 543 539 344 323 38 482 423 639 336 303 445 299 56 326 172 646 557 498 403
                               59 362 725 481 360 5 304 521 95 495 384 137 721 645 101 267 136 333 739 464 714 746 564 300 526 780 146 306 583 476
                               385 548 254 553 579 688 290 32 728 528 740 130 325 620 375 272 652 726 193 170 655 715 25 82 108 690 125 260 343 549
                               447 314 345 619 569 222 635 133 332 712 250 751 174 98 92 478 463 665 588 96 57 88 790 392 778 17 68 576 273 310
                               603 752 185 704 291 16 432 388 94 415 789 443 404 425 538 429 381 707 318 24 377 673 257 83 791 532 545 561 406 227
                               409 243 81 418 729 163 118 795 134 239 97 661 551 327 672 184 407 735 697 129 285 702 682 433 72 202 617 584 4 454
                               141 286 231 568 308 513 681 210 651 145 135 685 601 512 718 175 1 485 738 281 572 199 660 183 293 356 205 166 599 178
                               176 781 196 114 218 613 592 180 232 62 64 744 430 777 500 687 383 580 265 535 30 152 192 679 511 616 455 93 282 328
                               221 700 20 187 79 650 658 274 144 479 91 719 51 309 397 376 779 689 555 788 9 676 122 225 298 313 470 736 610 760
                               297 248 642 104 710 550 124 741 456 534 775 393 519 167 249 173 562 499 769 503 355 632 151 556 761 413 531 18 440 120
                               566 110 200 258 226 373 22 207 484 691 182 669 506 85 494 324 386 465 578 215 727 723 262 427 217 364 630 431 625 153
                               351 785 767 537 42 466 698 296 671 527 621 638 13 367 58 668 216 234 675 177 594 349 782 154 66 321 422 436 26 14
                               201 567 63 148 457 667 412 15 240 338 402 574 237 379 289 255 451 47 530 400 696 570 143 796 461 458 529 48 230 204
                               622 473 493 358 334 692 337 552 86 100 754 102 238 53 614 656 235 441 591 223 33 315 363 107 716 69 742 750 666 197
                               219 734 514 647 766 663 611 311 49 582 452 342 711 99 772 61 771 510 0
Path total distance:          1588655 (9%)

---------- edges_900.csv ----------
Elapsed time (ms):            5877876
Path:                          0 352 7 707 887 75 867 771 102 424 774 755 816 136 237 257 170 454 416 355 64 783 128 629 762 308 18 326 494 741
                               509 346 453 514 691 550 792 266 395 334 324 413 188 118 577 677 776 482 38 84 119 302 242 589 660 309 555 529 198 467
                               267 92 658 285 362 390 636 579 452 798 576 542 793 162 667 127 504 604 488 168 389 720 821 311 348 768 461 499 598 670
                               715 862 157 415 651 743 797 680 861 663 475 647 637 601 638 426 829 674 366 754 470 33 701 739 727 897 476 151 563 834
                               36 881 315 766 696 123 156 435 626 819 45 710 251 782 259 623 698 181 729 459 220 48 596 750 573 449 191 443 725 284
                               434 165 353 842 496 803 744 93 20 34 71 288 299 135 584 690 740 815 321 1 498 273 851 41 139 360 780 129 68 175
                               74 325 503 88 684 458 185 410 539 282 363 381 823 106 120 517 614 295 791 209 373 76 597 441 202 227 328 194 538 613
                               554 423 54 431 756 143 610 818 49 446 447 801 632 318 86 245 705 535 333 122 606 408 899 73 187 338 736 418 150 296
                               686 199 61 548 374 307 767 330 260 59 653 159 217 26 489 9 344 889 178 83 702 602 546 275 421 331 874 277 616 608
                               171 895 523 283 114 590 319 203 578 253 183 828 300 525 556 840 713 641 478 190 67 844 827 444 642 351 179 369 615 896
                               630 113 618 507 55 745 140 35 327 270 465 785 216 845 448 405 869 2 619 312 388 717 432 186 30 742 673 276 570 703
                               868 856 724 428 180 107 518 863 65 160 501 13 345 711 515 218 843 714 263 749 343 734 562 512 572 526 37 193 656 492
                               210 145 149 427 600 241 722 46 781 258 132 430 822 788 375 208 398 544 182 519 480 137 692 261 255 335 298 810 884 184
                               44 262 303 25 463 287 70 29 655 737 177 121 404 537 471 124 835 575 479 487 57 438 805 278 814 225 716 633 591 758
                               147 832 580 802 549 169 111 445 439 468 855 746 401 79 14 224 279 429 779 858 15 17 281 116 384 888 528 731 730 683
                               371 522 80 368 214 885 221 206 457 231 229 763 760 39 103 442 582 317 386 364 592 406 747 96 437 704 543 569 411 51
                               639 622 250 603 320 142 414 841 305 662 804 235 880 380 892 508 19 407 799 12 473 695 82 553 247 490 396 112 138 607
                               847 6 552 661 8 854 66 21 100 4 391 786 60 289 657 643 197 557 105 141 778 627 350 196 879 530 341 16 706 91
                               451 817 726 370 85 32 559 864 234 481 873 795 323 624 532 466 679 172 485 687 393 385 125 567 587 11 155 664 455 709
                               293 859 367 28 477 240 280 800 796 425 372 131 252 833 212 531 568 757 101 635 271 848 109 450 436 808 681 223 883 838
                               682 81 650 836 609 893 708 290 56 676 3 545 712 540 871 765 865 811 460 769 382 878 605 286 882 94 268 672 547 872
                               148 359 628 332 561 52 98 790 807 866 649 675 117 486 484 272 787 794 420 852 167 152 617 264 314 839 665 640 5 265
                               440 22 820 62 419 506 201 254 376 78 409 678 158 230 248 671 644 24 226 392 585 462 770 144 133 565 689 558 877 205
                               560 189 342 541 593 47 269 104 417 53 153 876 789 377 772 412 738 378 58 857 693 97 735 228 108 625 571 699 753 669
                               870 594 347 400 72 23 306 207 357 718 95 89 493 402 99 40 668 211 732 349 365 581 456 761 387 154 751 666 63 379
                               853 215 236 249 886 291 403 50 126 891 685 849 824 612 77 110 533 397 830 764 809 634 652 233 10 826 336 394 583 329
                               464 356 115 759 850 292 469 646 694 733 361 69 238 31 813 422 502 831 42 192 232 313 837 631 551 195 588 204 322 200
                               777 173 648 748 163 784 611 890 176 497 483 719 752 566 520 316 297 340 505 860 659 894 495 721 174 239 773 27 43 166
                               723 728 620 527 825 697 213 161 474 274 511 472 134 500 510 130 339 164 246 491 337 516 521 354 304 621 536 513 846 700
                               243 256 775 222 898 645 564 688 433 294 534 574 383 875 586 90 310 812 654 806 146 524 244 595 358 399 219 87 301
                               0
Path total distance:          1943031

Executing 2-opt swap
Elapsed time (ms):            727
Path after 2-opt:              0 352 7 707 887 75 867 771 102 424 774 755 816 136 237 257 170 454 416 355 64 783 128 629 762 308 18 326 494 741
                               509 346 453 514 691 550 792 266 395 334 324 413 188 118 577 677 776 482 38 84 119 302 242 589 660 309 555 529 198 467
                               267 92 658 285 362 390 636 579 452 798 576 542 683 368 80 522 371 843 218 515 711 345 13 501 160 736 418 150 296 686
                               199 61 548 374 307 767 330 260 59 653 159 217 26 489 9 344 889 178 83 702 602 546 275 421 331 874 277 616 608 171
                               895 523 283 114 590 319 203 578 253 183 828 300 525 556 840 713 641 478 190 67 844 827 444 642 351 179 369 615 896 630
                               113 618 507 55 745 214 885 221 206 457 231 229 763 760 39 103 442 582 317 386 364 592 406 747 96 437 704 543 569 411
                               51 639 622 250 603 320 142 414 841 305 662 804 235 880 380 892 508 19 407 799 12 473 695 82 553 247 490 396 112 138
                               607 847 6 552 661 8 854 66 21 100 4 391 786 60 289 657 643 197 557 105 141 778 627 350 196 879 530 341 16 706
                               91 451 817 726 370 85 32 559 864 234 481 873 795 323 624 532 466 679 172 485 687 393 385 125 567 587 11 155 664 455
                               709 293 859 367 28 477 240 280 800 796 425 372 131 252 833 212 531 568 757 101 635 271 848 109 450 436 808 681 223 883
                               838 682 81 650 836 609 893 708 290 56 676 3 545 712 540 871 765 865 811 460 769 382 878 605 286 882 94 268 672 547
                               872 148 359 628 332 561 52 98 790 807 866 649 675 117 486 484 272 787 794 420 852 167 152 617 264 314 839 665 640 5
                               265 440 22 820 62 419 506 201 254 376 78 409 678 158 230 248 671 644 24 226 392 585 462 770 144 133 565 689 558 877
                               205 560 189 342 541 593 47 269 104 417 53 153 876 789 377 772 412 738 378 58 857 693 97 735 228 108 625 571 699 753
                               669 870 594 347 400 72 23 306 207 357 718 95 89 493 402 566 520 316 297 340 505 860 659 894 495 721 174 239 773 27
                               43 825 527 620 728 723 166 697 213 246 491 337 516 164 339 130 161 474 274 511 472 134 500 510 890 176 497 483 719 752
                               611 784 163 748 648 173 777 200 322 204 588 195 551 631 837 313 232 192 42 831 502 422 813 31 238 69 361 733 694 646
                               469 292 850 759 115 356 464 329 583 394 336 826 10 233 652 634 809 764 830 397 533 110 77 612 824 849 685 891 126 50
                               403 291 886 249 236 215 853 379 63 666 751 154 387 761 456 581 365 349 732 211 668 40 99 521 354 304 621 536 513 846
                               700 243 256 775 222 898 645 564 688 433 294 534 574 383 875 586 90 310 812 654 806 146 524 244 595 358 399 219 87 301
                               803 496 842 353 165 434 284 725 443 191 449 573 750 596 48 220 459 729 181 698 623 259 782 251 710 45 819 626 435 156
                               123 696 766 315 881 36 834 563 151 476 897 727 739 701 33 470 754 366 674 829 426 638 601 637 647 475 663 861 680 797
                               743 651 415 157 862 715 670 598 499 461 768 348 311 821 720 389 168 488 145 210 492 656 149 427 600 241 722 46 781 258
                               132 430 822 788 375 208 398 544 182 519 480 137 692 261 255 335 298 810 884 184 44 262 303 25 463 287 70 29 655 737
                               177 121 404 537 471 124 835 575 479 487 57 438 805 278 814 225 716 633 591 758 147 832 580 802 549 169 111 445 439 468
                               855 746 401 79 14 224 279 429 779 858 15 17 281 116 384 888 528 731 730 604 504 127 667 162 793 465 785 216 845 448
                               405 869 2 619 312 388 717 432 186 30 742 673 276 570 703 868 856 724 428 180 107 518 863 65 140 35 327 270 193 37
                               526 572 512 562 734 343 749 263 632 318 86 245 705 535 333 122 606 408 899 73 187 338 714 801 447 446 49 818 610 143
                               756 431 54 423 554 613 538 194 328 227 202 441 597 76 373 209 791 295 614 517 120 106 823 381 363 282 539 410 185 458
                               684 88 503 325 74 175 68 129 780 360 139 41 851 273 498 1 321 815 740 690 584 135 299 288 71 34 20 93 744
                               0
Path total distance:          1780816 (8%)

