---------- Intermediate Graphs Results ----------
Initial pheromones: 0
Evaporation rate: 0
Pheromone deposit: 1
Number of iterations: 3000
Number of ants: 50
ALPHA: 2
BETA: 1

----------  ----------
Elapsed time (ms):            24399413
Path:                          0 496 221 878 662 161 378 521 307 622 481 651 178 32 359 391 896 135 45 165 198 764 629 990 494 348 151 499 325 101 93
                               597 160 141 208 194 299 423 766 213 710 593 565 192 754 323 451 981 421 279 473 472 818 29 70 643 169 238 82 442 579
                               820 30 753 890 823 634 67 432 413 842 244 106 601 137 812 13 401 19 319 387 247 37 800 26 785 505 420 860 809 626
                               901 454 280 218 583 296 131 543 563 702 613 286 743 913 625 426 584 831 17 203 338 100 859 507 438 114 282 102 415 408
                               453 115 914 331 398 311 946 193 955 510 55 893 450 288 969 589 528 527 868 884 977 202 608 444 604 591 301 647 181 14
                               940 167 998 68 333 989 854 253 233 235 509 821 787 406 40 372 770 772 828 635 117 811 119 277 447 883 369 57 929 441
                               308 886 718 834 435 864 259 898 349 664 446 10 337 268 389 227 48 954 180 504 650 463 627 675 668 410 322 27 242 909
                               270 445 50 89 693 116 64 501 529 216 300 572 22 291 46 516 112 936 939 978 732 31 140 94 77 461 844 520 298 615
                               888 674 697 522 272 254 746 477 720 822 491 352 245 956 283 346 938 58 148 465 788 590 210 118 704 776 166 621 564 932
                               366 382 263 851 953 688 466 807 865 680 182 798 149 303 600 39 495 95 350 9 230 933 191 922 330 262 327 411 980 666
                               364 747 356 554 992 557 696 957 306 20 671 632 362 92 654 728 152 7 98 134 87 928 723 835 266 550 645 926 549 984
                               312 379 497 34 207 61 79 530 53 767 533 332 619 995 656 295 757 803 927 719 921 908 196 110 848 639 857 23 377 751
                               69 594 858 236 586 660 972 224 109 502 780 146 292 750 143 815 373 631 699 588 460 705 335 711 918 274 483 326 248 132
                               339 804 367 836 75 158 336 568 243 229 733 744 630 91 706 983 791 513 71 113 552 763 605 582 637 482 5 578 872 889
                               997 293 669 532 771 714 866 640 930 614 585 228 931 575 915 567 745 155 2 943 241 43 358 987 313 623 297 85 974 781
                               973 41 360 150 911 176 958 490 252 125 919 343 177 289 784 434 60 775 867 97 168 159 317 646 138 845 542 937 816 452
                               574 76 16 154 310 144 853 917 689 544 399 897 685 394 652 761 768 874 838 576 852 962 508 577 209 234 251 157 416 470
                               462 8 999 547 503 862 128 832 789 648 170 682 538 833 400 796 610 6 36 84 225 986 641 801 185 264 304 606 760 290
                               541 405 592 324 383 126 397 195 819 907 712 344 471 539 967 777 882 417 912 694 493 814 237 188 365 287 351 826 265 616
                               424 219 214 925 318 749 736 380 964 991 476 968 739 959 740 402 725 617 642 734 824 96 104 407 657 667 846 551 902 923
                               267 525 437 175 449 222 515 663 186 979 278 855 624 947 906 88 376 305 80 887 474 762 849 342 269 38 83 273 433 385
                               961 952 314 975 793 570 512 49 877 949 653 393 691 726 205 603 200 850 790 825 692 518 223 569 136 644 187 731 765 708
                               869 879 687 480 684 220 729 695 573 428 741 133 164 162 86 459 755 894 612 163 231 73 976 456 211 540 808 142 395 856
                               108 870 782 33 797 130 440 257 773 409 847 42 571 759 523 107 721 329 994 204 716 199 172 340 670 636 727 546 99 903
                               47 173 302 59 479 486 676 920 127 934 500 51 1 81 713 779 328 189 129 430 396 72 275 353 469 261 599 701 4 412
                               457 370 548 748 730 941 249 121 795 197 756 638 581 334 489 971 347 388 988 880 260 374 246 258 873 985 103 381 758 179
                               63 960 786 315 320 226 724 517 827 156 737 738 899 970 526 871 24 206 715 607 700 950 802 436 905 232 66 707 375 677
                               840 422 418 841 484 427 628 514 885 478 354 153 215 368 561 534 916 443 183 891 829 384 363 562 506 945 419 602 778 537
                               783 475 467 355 794 717 74 371 535 566 487 35 285 52 722 806 105 390 488 649 28 217 703 618 560 982 817 386 256 281
                               531 15 464 904 735 145 555 18 545 690 810 620 255 403 309 805 587 90 892 524 944 774 673 698 468 556 559 294 942 56
                               316 681 455 672 425 661 686 881 519 124 948 404 357 171 910 239 679 361 431 752 174 414 458 25 769 448 935 54 861 709
                               875 3 609 276 993 799 111 595 345 341 830 900 485 596 839 439 11 966 44 659 742 792 511 633 843 240 284 876 965 665
                               429 813 863 963 498 65 392 147 558 951 21 580 611 553 683 837 658 924 122 598 12 678 62 212 123 655 271 78 120 250
                               139 184 190 536 492 321 0
Path total distance:          1033257

