---------- Intermediate Graphs Results ----------
Initial pheromones: 0
Evaporation rate: 0
Pheromone deposit: 1
Number of iterations: 200
Number of ants: 25
ALPHA: 2
BETA: 1

---------- edges_25.csv ----------
Elapsed time (ms):            470
Path:                          0 22 12 23 4 8 24 17 7 11 20 6 21 13 14 1 2 16 3 19 10 18 5 15 9 0
Path total distance:          289614

Executing 2-opt swap
Elapsed time (ms):            0
Path after 2-opt:              0 22 4 8 24 17 7 11 6 20 21 13 14 1 2 16 3 19 10 18 15 9 5 23 12 0
Path total distance:          280592 (3%)

---------- edges_50.csv ----------
Elapsed time (ms):            1818
Path:                          0 44 24 32 10 20 41 39 1 19 27 8 49 29 6 11 4 17 37 30 9 13 5 34 28 43 2 22 7 14 48
                               47 12 25 33 35 21 16 15 36 18 26 23 45 40 42 3 46 38 31 0
Path total distance:          469275

Executing 2-opt swap
Elapsed time (ms):            1
Path after 2-opt:              0 44 31 38 3 46 42 40 26 23 45 15 21 16 36 18 33 35 25 12 47 48 14 7 22 2 43 28 34 5 13
                               9 17 37 30 4 11 6 29 27 49 8 39 19 1 41 20 10 32 24 0
Path total distance:          452674 (4%)

---------- edges_75.csv ----------
Elapsed time (ms):            4267
Path:                          0 14 37 29 43 69 33 65 4 11 44 16 36 31 51 50 66 67 10 25 35 58 61 57 41 45 55 8 48 71 47
                               73 74 70 39 6 34 19 9 63 30 3 24 15 60 7 17 27 42 68 12 53 26 13 49 62 72 59 38 2 40
                               56 5 23 18 20 21 54 28 1 32 52 22 64 46 0
Path total distance:          569447

Executing 2-opt swap
Elapsed time (ms):            4
Path after 2-opt:              0 14 37 29 43 33 69 65 4 11 44 36 16 31 51 66 67 50 10 25 35 58 48 8 55 45 41 57 61 13 26
                               53 68 12 42 27 17 60 15 24 30 3 74 70 39 6 71 47 73 34 19 9 63 7 1 49 62 72 59 38 2
                               40 56 5 20 18 23 21 54 28 52 32 22 64 46 0
Path total distance:          532830 (6%)

---------- edges_100.csv ----------
Elapsed time (ms):            7199
Path:                          0 42 55 72 29 73 18 99 20 92 82 52 61 38 24 80 50 17 43 95 34 33 35 44 69 3 76 66 81 46 10
                               15 30 75 77 25 94 7 60 64 91 84 47 11 51 39 45 32 83 36 98 68 86 2 54 85 89 27 48 67 9
                               62 70 65 57 19 49 71 40 28 93 1 74 6 31 96 78 58 12 5 88 14 41 22 13 90 63 59 79 53 37
                               87 97 23 16 4 56 21 26 8 0
Path total distance:          616228

Executing 2-opt swap
Elapsed time (ms):            7
Path after 2-opt:              0 42 8 26 21 56 16 4 23 97 87 37 53 79 63 59 41 90 13 22 95 43 17 34 29 73 18 99 20 82 92
                               52 38 61 50 80 24 33 35 44 69 3 96 31 6 1 93 74 28 40 71 49 19 57 65 70 62 9 67 48 27
                               89 85 54 98 68 86 2 45 32 83 36 39 51 11 47 84 91 64 60 7 94 25 77 75 30 15 10 46 81 66
                               76 88 5 12 78 58 14 72 55 0
Path total distance:          560797 (9%)

---------- edges_200.csv ----------
Elapsed time (ms):            28815
Path:                          0 88 138 58 154 132 39 42 85 191 156 10 178 63 111 137 151 143 64 97 174 126 2 192 197 29 66 189 81 169 183
                               22 145 77 147 89 80 116 199 146 148 105 47 92 123 6 170 135 185 157 129 99 33 91 78 5 198 188 103 96 134
                               177 139 69 21 196 190 114 51 102 108 17 124 182 15 136 152 48 144 187 98 167 93 83 166 52 175 36 133 195 155
                               34 128 3 68 60 180 54 140 112 117 131 30 65 12 49 115 142 23 44 162 110 127 31 76 35 57 153 186 24 71
                               56 106 194 161 86 149 82 107 73 171 37 90 122 179 181 72 75 101 4 41 141 8 40 28 14 104 50 45 176 130
                               118 26 27 61 168 38 172 46 1 94 113 160 43 184 74 25 59 109 87 9 120 164 11 173 79 55 163 18 84 13
                               165 19 193 67 62 16 150 100 70 121 7 119 53 158 95 125 20 32 159 0
Path total distance:          830988

Executing 2-opt swap
Elapsed time (ms):            70
Path after 2-opt:              0 88 138 58 154 132 39 42 159 32 67 62 16 150 41 4 101 75 72 179 181 37 90 122 171 73 107 82 161 86 149
                               115 142 23 35 76 31 44 127 110 162 186 24 153 57 71 56 106 194 168 38 172 46 1 94 113 160 43 184 130 61
                               27 26 118 49 12 30 131 117 112 140 65 54 180 60 68 3 128 34 155 195 133 36 175 52 166 83 93 98 187 167
                               144 48 152 17 124 182 15 136 108 102 51 190 114 196 21 69 139 177 103 188 134 96 170 135 185 157 129 198 5 78
                               33 99 91 6 123 92 47 105 148 199 146 116 80 89 147 145 77 22 183 169 81 189 100 7 121 70 119 197 29 66
                               2 192 165 13 84 18 163 55 53 158 95 125 20 19 79 164 11 173 120 9 87 109 59 25 74 176 45 50 28 14
                               104 40 8 141 193 85 191 156 10 178 63 111 151 137 143 64 97 174 126 0
Path total distance:          721469 (13%)

---------- edges_300.csv ----------
Elapsed time (ms):            62034
Path:                          0 93 4 161 244 80 181 39 16 10 274 100 169 9 150 180 33 196 207 221 124 185 251 273 261 92 29 227 264 68 189
                               287 148 218 152 236 147 173 136 299 199 298 131 110 1 145 125 139 212 198 98 234 62 271 242 239 290 15 78 122 44
                               3 65 248 225 91 129 38 289 174 132 163 88 167 176 258 267 188 36 168 194 47 137 237 249 295 178 285 262 215 141
                               151 257 294 282 5 142 245 79 149 263 276 116 241 82 230 187 14 226 268 11 133 130 48 28 8 81 135 219 186 192
                               280 22 278 210 127 35 83 296 166 204 140 123 231 228 253 222 275 94 40 159 283 56 51 109 214 42 107 153 256 77
                               155 195 67 252 64 104 270 183 53 101 106 49 45 121 213 197 288 97 43 229 32 115 105 205 223 272 191 232 144 250
                               61 108 184 103 71 255 156 69 23 190 84 111 247 126 17 7 279 266 73 284 54 154 203 172 37 208 235 260 202 113
                               220 209 50 165 102 201 118 200 46 60 164 160 25 6 177 96 66 217 30 117 72 138 31 277 18 95 206 87 259 76
                               74 286 211 254 20 86 134 27 21 63 24 114 293 243 57 238 85 143 26 59 120 216 246 2 89 162 179 157 34 240
                               224 75 291 297 171 158 90 70 265 99 12 119 13 112 233 292 55 170 58 182 175 52 41 281 19 128 193 146 0
Path total distance:          1094766

---------- edges_400.csv ----------
Elapsed time (ms):            116210
Path:                          0 66 65 139 1 210 222 178 49 392 92 82 256 192 304 351 393 213 248 271 4 308 54 95 296 394 47 371 283 84 141
                               396 118 93 375 365 53 44 267 344 331 363 27 24 71 21 255 140 383 227 327 208 17 138 35 12 333 262 100 14 284
                               258 159 31 25 352 368 87 376 28 339 273 122 316 74 171 239 314 245 215 332 11 196 32 289 48 361 6 173 69 191
                               203 68 97 319 132 80 85 126 249 109 379 325 121 244 179 55 282 292 145 162 206 261 337 70 251 201 81 287 153 128
                               33 291 204 246 161 326 188 295 357 199 335 240 386 56 131 225 253 293 174 123 198 205 51 254 349 313 390 16 15 79
                               370 167 112 190 380 62 187 270 103 259 269 300 388 58 113 212 36 367 37 102 91 114 125 362 218 280 309 130 235 26
                               13 321 345 143 305 297 104 372 350 120 34 336 211 197 311 172 176 275 2 334 168 163 260 315 166 136 57 105 142 189
                               306 303 356 154 354 165 320 67 150 364 202 223 194 76 160 385 89 228 200 52 281 397 399 64 340 115 220 119 50 148
                               318 219 214 45 41 221 230 307 341 232 389 234 268 90 152 144 38 231 193 158 22 286 134 343 127 7 216 355 266 3
                               377 169 236 20 274 146 72 184 264 156 358 183 175 263 164 116 279 217 233 108 61 324 77 277 317 302 101 98 99 96
                               288 348 39 243 226 40 359 46 19 238 59 384 209 9 387 276 60 242 10 265 298 177 207 170 391 229 129 186 257 111
                               323 147 117 63 360 378 78 330 338 5 195 328 180 224 30 290 342 237 94 252 312 347 86 149 182 42 110 278 369 88
                               329 382 23 124 353 8 250 395 346 366 241 107 272 398 106 373 322 151 133 18 43 83 137 381 29 285 73 185 247 157
                               75 294 135 310 155 301 181 374 299 0
Path total distance:          1272738

---------- edges_500.csv ----------
Elapsed time (ms):            183863
Path:                          0 441 194 122 180 495 286 35 387 218 335 137 482 368 6 89 397 477 433 166 248 26 488 234 159 155 142 69 481 238 307
                               329 160 132 83 385 164 79 330 252 233 471 478 136 369 287 239 285 106 77 126 450 75 282 408 90 14 304 432 410 235
                               196 426 187 473 147 391 396 91 497 453 384 146 243 58 312 489 342 68 72 110 303 372 437 237 21 386 254 81 451 443
                               490 56 140 143 320 216 9 121 258 313 270 430 74 225 92 480 260 295 210 255 119 327 189 131 413 184 28 354 315 318
                               424 277 496 4 97 259 422 326 43 356 472 223 393 370 31 93 197 468 61 382 200 168 449 311 403 350 141 201 99 457
                               377 22 375 349 123 334 306 33 181 256 317 445 455 167 212 29 363 221 423 429 178 278 173 380 13 394 343 412 175 192
                               144 245 8 227 18 475 272 300 174 346 86 20 230 479 390 357 88 291 251 50 253 323 49 44 193 419 406 476 217 232
                               371 400 94 2 129 299 64 191 120 434 157 409 169 446 262 454 459 204 149 361 493 139 389 222 470 440 247 442 209 399
                               109 264 284 145 420 34 53 331 65 314 242 265 59 76 240 427 486 491 308 206 208 249 288 376 364 163 402 319 348 417
                               289 244 104 378 388 353 135 11 352 366 10 153 40 438 27 294 332 226 246 261 293 124 156 228 351 452 198 448 439 118
                               87 98 407 182 447 84 463 267 461 290 428 32 355 176 298 51 113 336 266 117 52 281 324 62 23 45 395 435 484 358
                               360 362 17 344 100 224 404 462 188 7 337 467 185 16 171 105 339 102 78 458 108 186 116 310 203 279 207 211 296 148
                               215 365 418 436 321 38 205 138 172 95 268 48 483 241 405 12 474 128 383 301 179 195 250 297 431 57 36 229 111 15
                               398 127 150 220 444 3 66 416 469 39 5 359 133 80 345 183 425 112 257 340 494 276 37 498 165 154 114 283 214 466
                               273 19 46 456 161 487 30 41 107 54 373 177 274 1 170 460 162 60 305 464 199 263 130 152 485 269 231 85 302 392
                               421 367 25 338 151 379 316 24 499 101 202 42 73 275 333 381 271 55 213 292 328 115 492 134 411 47 71 63 236 67
                               280 374 158 125 103 325 96 401 415 82 414 322 347 70 309 341 190 219 0
Path total distance:          1376183

---------- edges_600.csv ----------
Elapsed time (ms):            254535
Path:                          0 225 508 329 548 384 525 588 459 43 307 587 259 296 248 318 221 308 339 539 399 374 576 53 596 401 255 390 461 57 87
                               51 522 201 121 62 98 569 316 128 177 523 395 355 354 556 297 29 518 590 141 91 545 191 427 379 468 303 260 159 358
                               197 433 445 164 90 213 30 105 352 418 163 499 204 370 254 291 218 205 482 24 292 161 465 14 485 48 452 551 463 419
                               385 116 214 84 382 272 290 364 156 597 326 293 425 594 428 324 63 59 312 338 250 68 200 562 455 17 178 157 231 233
                               122 408 72 411 294 41 407 540 585 134 336 464 335 323 441 306 333 223 450 431 387 247 589 190 106 71 211 114 344 479
                               234 258 469 483 150 581 82 470 502 104 88 242 493 77 227 436 220 92 383 287 375 351 111 347 321 416 349 115 8 563
                               350 74 39 56 458 471 510 454 166 381 133 97 11 481 380 543 238 86 304 81 210 34 12 515 228 52 10 36 73 185
                               142 216 124 460 117 442 64 75 414 320 368 299 279 511 322 55 571 566 317 412 158 444 512 22 160 147 76 101 103 574
                               219 7 295 15 252 340 212 277 534 362 286 420 584 504 492 16 6 314 449 405 409 373 45 32 5 18 199 394 245 162
                               206 586 558 21 100 31 413 348 530 309 410 361 215 80 67 109 229 278 440 488 253 54 363 20 126 140 236 188 536 132
                               285 143 330 136 276 426 196 599 473 484 167 391 282 208 456 417 241 572 577 209 575 357 261 266 264 541 139 532 360 489
                               42 372 47 244 313 359 119 273 466 186 61 237 535 192 480 256 195 472 144 435 496 89 1 243 65 501 66 353 388 554
                               289 598 396 513 376 19 69 3 120 127 135 527 486 378 280 547 230 517 542 203 112 180 579 343 26 529 520 457 168 537
                               94 198 170 498 495 283 123 514 239 4 506 274 149 415 70 181 332 507 565 421 437 578 404 446 207 155 447 500 2 78
                               182 546 593 35 393 497 438 582 526 591 154 301 125 145 474 27 184 183 271 325 217 108 249 171 99 269 475 494 13 559
                               226 25 319 531 555 550 298 423 544 224 83 371 568 487 137 311 232 367 509 202 567 169 107 37 60 490 342 257 346 28
                               561 595 165 174 429 398 560 95 222 580 85 46 138 557 118 251 467 477 439 549 193 315 573 151 265 519 334 453 448 345
                               422 356 331 528 369 400 58 564 176 365 262 131 146 570 189 305 478 377 386 430 284 263 443 392 583 341 505 44 50 491
                               328 432 267 9 275 172 270 175 406 533 40 102 524 300 148 240 476 281 553 93 152 327 337 366 33 23 110 451 521 235
                               129 310 552 402 503 153 389 79 173 434 113 288 49 516 179 403 130 424 246 268 592 397 187 96 462 194 38 302 0
Path total distance:          1570886

---------- edges_700.csv ----------
Elapsed time (ms):            356910
Path:                          0 640 223 667 166 352 652 188 53 549 364 266 102 505 649 190 279 523 517 688 236 691 216 673 219 63 259 473 657 109 153
                               538 209 108 74 539 477 423 612 396 71 689 150 332 207 23 253 180 490 141 333 274 203 222 47 65 241 587 544 386 94
                               83 69 664 149 157 29 437 358 546 48 295 263 429 634 421 498 362 422 697 206 645 599 573 281 450 460 475 551 650 327
                               614 132 325 155 350 270 70 408 653 556 78 680 163 35 82 401 301 583 397 452 506 533 373 393 159 138 14 489 354 228
                               103 676 545 692 110 394 503 361 238 95 5 661 306 201 516 377 193 410 19 457 318 76 613 368 548 433 451 665 378 336
                               635 143 522 192 308 552 445 173 30 271 596 319 292 50 257 299 226 584 578 380 371 34 130 507 602 273 392 181 611 80
                               278 275 51 617 300 511 563 305 509 618 590 471 464 384 569 536 262 508 381 171 195 38 416 111 603 224 2 479 73 484
                               685 40 135 101 526 696 15 302 67 177 244 315 104 683 370 289 136 518 679 414 535 331 68 233 66 632 85 242 558 125
                               466 647 137 402 598 323 98 514 43 126 608 64 107 629 191 407 668 285 54 97 324 435 250 686 541 121 409 247 513 287
                               314 75 436 184 87 547 432 385 252 529 440 128 123 488 630 239 62 357 626 660 264 1 154 485 272 420 666 501 395 625
                               344 554 415 10 474 496 399 267 225 677 208 515 582 167 127 37 406 183 269 379 231 641 383 601 156 147 427 113 200 663
                               146 91 243 623 492 321 606 456 656 390 221 671 115 655 212 283 532 413 417 376 499 164 261 633 690 18 589 585 570 637
                               122 293 571 453 31 119 322 158 494 46 342 430 694 403 425 328 469 21 525 572 106 89 96 564 431 20 161 118 662 8
                               512 340 698 483 197 638 369 277 568 609 442 594 624 229 493 142 176 510 468 591 428 495 659 631 240 537 581 254 454 245
                               382 682 131 105 145 577 170 9 194 561 355 13 391 288 168 84 486 11 405 268 99 592 124 100 211 335 93 58 400 151
                               672 470 542 32 482 504 260 41 443 579 310 566 296 88 60 179 669 567 162 248 616 448 465 530 329 120 366 165 449 343
                               86 674 320 455 534 487 22 182 593 61 519 557 699 622 81 92 627 169 215 140 345 214 297 265 372 398 144 290 232 472
                               560 196 6 3 175 520 317 500 527 116 330 52 565 303 461 237 189 412 424 642 284 646 480 574 174 502 339 604 621 375
                               446 25 204 658 220 202 291 27 334 426 44 114 695 360 185 33 497 117 478 387 255 586 12 45 359 524 56 198 199 256
                               540 309 251 651 476 687 374 528 148 218 521 17 620 531 326 462 600 234 42 459 411 186 444 693 351 276 467 139 553 49
                               286 217 133 607 356 307 543 347 684 353 129 235 7 576 313 134 160 605 304 681 282 389 434 90 349 654 636 491 367 580
                               447 588 16 597 79 610 316 172 388 619 575 178 4 463 348 595 294 298 678 555 55 458 26 550 363 418 213 404 77 36
                               59 648 187 338 615 249 205 643 644 559 246 39 341 24 481 72 439 210 112 311 365 230 337 227 419 675 628 346 670 562
                               28 438 280 639 258 312 441 0
Path total distance:          1798372

---------- edges_800.csv ----------
Elapsed time (ms):            470727
Path:                          0 784 448 340 365 748 438 757 156 206 509 209 749 307 352 772 701 361 60 203 380 540 649 213 228 28 372 437 370 220 378
                               731 179 39 71 724 275 732 10 284 128 471 89 428 793 266 305 662 171 44 46 541 115 585 138 49 311 611 514 197 666
                               219 734 742 750 69 716 107 363 315 33 223 321 436 422 154 782 349 594 177 675 234 216 668 58 13 367 66 15 412 667
                               457 148 63 201 567 14 26 47 451 255 289 379 237 574 402 338 240 638 621 527 671 296 698 466 42 537 767 217 364 630
                               427 262 723 727 215 578 465 386 324 587 799 187 650 79 658 274 144 479 91 719 282 93 455 616 511 20 221 700 328 192
                               152 30 535 610 736 470 313 225 298 122 676 9 788 689 555 265 580 383 687 500 376 779 679 104 550 710 124 741 456 393
                               519 775 534 226 258 100 86 230 204 622 473 493 358 334 691 692 337 552 373 22 441 235 591 754 102 238 53 614 656 48
                               529 458 461 796 143 570 696 400 494 182 484 207 669 506 85 530 785 351 153 625 431 703 8 664 29 330 653 657 398 194
                               186 322 444 251 40 747 486 3 23 678 288 593 737 633 112 615 434 634 54 103 405 492 419 236 483 348 536 488 598 706
                               224 597 522 774 717 159 214 268 52 242 75 191 162 786 366 743 764 77 756 131 510 771 582 452 342 711 99 132 140 292
                               229 301 501 733 627 680 261 683 462 472 765 776 420 624 518 80 317 329 686 245 411 663 766 647 596 160 508 581 435 755
                               7 390 792 294 121 331 641 474 264 544 312 577 554 87 605 357 604 590 126 763 157 241 640 708 76 571 198 410 401 382
                               559 339 693 595 84 347 320 628 677 21 233 45 164 417 295 391 490 705 316 507 563 516 468 278 487 359 208 797 648 387
                               606 389 636 515 50 111 287 271 607 758 475 525 523 113 119 280 505 252 761 413 531 167 249 173 562 499 769 503 496 269
                               41 147 450 513 681 210 651 759 695 73 670 35 589 74 105 34 694 720 31 659 547 684 460 575 374 396 11 161 212 188
                               395 414 533 211 256 442 557 646 542 517 283 61 631 469 453 467 770 155 446 768 263 279 722 65 158 90 573 424 109 497
                               2 586 371 399 350 459 277 637 142 302 70 502 644 489 773 181 421 408 762 439 259 520 674 195 609 546 753 200 110 566
                               120 440 18 556 151 632 355 600 783 642 248 760 297 397 309 51 777 430 744 64 62 232 180 592 613 218 114 512 176 781
                               196 178 166 599 729 163 118 795 134 239 97 551 661 184 327 672 735 407 697 129 285 702 682 433 72 202 617 584 4 454
                               141 286 231 308 568 127 169 565 106 247 246 189 643 504 346 319 149 43 55 335 418 81 798 369 602 491 629 524 19 558
                               709 394 699 416 623 139 6 449 341 253 1 175 718 485 738 572 281 660 199 183 293 356 205 145 135 685 601 116 117 626
                               618 654 745 37 190 354 270 78 794 426 368 713 608 560 150 38 323 344 539 543 482 423 639 612 336 445 303 299 56 172
                               326 498 561 545 532 791 83 257 24 377 673 409 227 406 243 403 59 362 447 549 343 193 726 652 272 260 125 721 170 690
                               108 82 25 715 655 95 495 384 137 92 478 463 665 588 96 98 174 751 746 300 564 146 780 526 579 688 290 32 728 528
                               740 385 548 254 553 476 583 306 318 707 381 429 538 425 404 443 789 415 94 388 432 16 291 704 185 752 603 310 273 576
                               68 17 778 392 790 88 57 250 712 332 133 635 569 222 619 345 314 521 725 481 360 5 304 375 620 325 130 714 464 645
                               101 267 136 333 739 36 12 244 480 787 353 27 276 168 165 730 123 0
Path total distance:          1837831

---------- edges_900.csv ----------
Elapsed time (ms):            612447
Path:                          0 352 7 867 707 887 75 424 774 102 771 34 20 744 93 803 842 496 353 165 434 284 725 443 191 449 573 596 750 812 310
                               654 146 806 269 58 789 377 834 90 563 151 36 881 766 315 696 123 156 435 626 378 772 412 738 534 574 383 875 861 586
                               680 797 743 862 157 415 651 670 715 598 499 461 768 348 311 821 727 739 701 33 470 754 476 897 354 521 304 621 536 513
                               846 700 243 256 775 222 898 645 564 688 433 294 760 39 103 442 582 833 639 51 531 568 757 101 635 271 848 94 268 672
                               547 882 286 811 769 460 605 878 382 865 871 765 540 712 545 3 676 836 609 893 708 290 56 650 81 682 838 883 223 681
                               808 436 250 622 425 372 131 252 212 411 569 543 704 437 747 96 406 873 530 879 196 559 32 85 370 726 817 451 481 234
                               864 706 91 317 386 364 592 16 341 350 627 778 141 105 557 197 643 657 289 786 391 4 100 21 66 854 8 661 552 6
                               847 607 138 112 11 587 155 664 455 709 695 82 19 407 799 380 892 508 880 235 804 662 305 841 414 142 320 796 603 450
                               109 800 28 477 280 240 361 69 238 31 813 422 502 831 42 192 232 313 500 510 134 472 511 274 474 161 213 697 825 527
                               620 728 723 166 773 239 721 174 43 27 99 583 329 464 394 336 826 894 659 860 505 340 297 316 23 306 520 566 495 40
                               668 211 732 349 365 581 456 761 387 154 63 666 751 379 853 215 236 249 886 291 403 50 126 891 685 849 824 612 77 110
                               397 533 764 830 809 634 652 10 233 356 115 759 850 292 469 646 694 733 204 588 195 551 631 837 784 163 748 648 173 777
                               200 322 497 176 890 611 752 719 483 402 493 89 95 718 357 207 339 164 130 246 491 337 516 487 479 575 124 835 404 121
                               177 737 655 29 70 537 471 287 463 25 303 262 44 184 884 810 298 335 255 261 692 137 480 182 519 731 528 888 384 116
                               281 15 17 401 858 779 429 279 224 14 79 447 801 632 446 49 818 610 143 756 431 54 423 554 613 538 194 328 227 441
                               202 746 855 468 439 597 76 263 749 343 734 562 512 572 526 37 162 793 667 193 127 504 604 68 175 74 325 503 88 684
                               185 458 363 282 539 410 120 106 823 381 633 591 758 147 241 722 46 781 258 132 430 822 788 805 278 814 225 716 57 438
                               427 600 426 829 638 601 637 647 475 663 366 674 64 783 128 629 762 308 113 618 507 896 630 615 369 179 351 642 444 827
                               190 478 641 713 840 556 525 300 828 183 844 67 590 319 203 578 253 114 283 523 895 171 608 843 711 515 218 330 260 59
                               653 159 217 199 61 548 374 307 767 160 501 13 345 899 408 606 122 333 535 705 245 86 318 714 73 338 187 418 736 150
                               296 686 26 489 9 344 889 178 83 702 602 275 546 421 331 874 277 616 742 30 186 432 703 868 856 724 428 180 107 518
                               863 65 216 845 448 405 785 465 270 35 140 327 170 257 237 136 816 755 355 416 454 745 55 494 326 18 741 509 453 346
                               691 514 550 792 541 342 189 877 565 133 144 770 462 24 226 392 585 506 201 560 205 689 558 593 254 376 78 409 678 644
                               671 248 230 358 595 244 524 219 399 599 158 5 265 440 22 820 62 419 640 665 47 264 314 839 617 152 167 852 420 794
                               787 272 484 486 117 675 649 866 807 790 98 52 625 108 571 699 753 669 735 228 594 870 347 400 72 97 693 857 104 417
                               53 153 876 181 729 459 220 698 623 259 782 48 45 819 710 251 129 780 360 498 273 851 41 139 1 321 815 740 690 584
                               135 299 288 71 720 389 168 488 492 656 149 375 398 208 544 832 580 802 730 549 169 111 445 295 614 517 373 209 791 145
                               210 60 125 795 323 385 393 687 485 172 679 466 532 624 567 367 473 12 553 247 490 396 859 293 872 148 561 332 359 628
                               87 301 395 413 324 334 188 266 309 529 555 660 589 242 776 482 38 84 119 302 677 577 118 763 229 231 457 206 221 214
                               885 92 658 285 467 198 267 362 390 636 579 576 798 452 371 522 80 368 683 312 619 2 869 673 276 570 717 388 0
Path total distance:          1979400

