---------- Intermediate Graphs Results ----------
Initial pheromones: 0
Evaporation rate: 0
Pheromone deposit: 1
Number of iterations: 500
Number of ants: 3
ALPHA: 2
BETA: 1

---------- edges_25.csv ----------
Elapsed time (ms):            132
Path:                          0 22 12 23 11 7 17 24 4 8 20 6 21 13 14 1 2 16 3 19 10 18 15 9 5 0
Path total distance:          288554

Executing 2-opt swap
Elapsed time (ms):            0
Path after 2-opt:              0 22 4 8 24 17 7 11 6 20 21 13 14 1 2 16 3 19 10 18 15 9 5 23 12 0
Path total distance:          280592 (3%)

---------- edges_50.csv ----------
Elapsed time (ms):            514
Path:                          0 44 24 32 20 10 41 1 39 19 49 8 27 29 6 11 4 30 37 17 9 13 28 43 40 42 22 2 34 5 31
                               38 3 46 15 16 21 18 36 45 23 26 7 35 33 14 48 47 12 25 0
Path total distance:          482130

Executing 2-opt swap
Elapsed time (ms):            1
Path after 2-opt:              0 44 24 10 20 41 1 19 39 8 49 27 29 6 11 4 30 37 17 9 13 43 28 42 40 34 5 31 38 3 46
                               15 21 16 36 18 45 23 26 2 22 7 35 33 14 48 47 12 25 32 0
Path total distance:          456144 (5%)

---------- edges_75.csv ----------
Elapsed time (ms):            1259
Path:                          0 46 64 2 38 59 72 62 49 1 28 54 40 56 5 23 18 20 21 52 32 22 14 37 29 43 33 69 65 4 36
                               16 31 51 44 11 67 66 50 10 25 73 47 71 6 39 74 70 34 19 9 63 3 30 24 15 60 12 7 68 42
                               17 27 53 26 13 61 57 41 45 48 8 55 35 58 0
Path total distance:          610906

Executing 2-opt swap
Elapsed time (ms):            4
Path after 2-opt:              0 46 64 22 32 52 21 23 18 20 5 56 40 54 28 1 49 62 72 59 38 2 7 60 15 24 3 30 63 9 19
                               70 74 39 6 71 47 73 34 12 68 42 17 27 53 26 13 61 57 41 45 55 8 48 58 35 25 10 50 66 67
                               11 36 16 51 31 44 65 4 69 33 43 29 37 14 0
Path total distance:          543985 (11%)

---------- edges_100.csv ----------
Elapsed time (ms):            2150
Path:                          0 55 72 42 30 15 89 27 48 67 9 62 70 65 57 49 40 71 19 28 54 85 98 68 86 2 36 83 32 45 23
                               79 53 97 87 37 26 21 56 8 16 4 39 51 11 47 84 91 64 10 75 77 25 94 88 66 76 46 81 93 1
                               74 6 31 96 3 69 44 24 38 61 52 82 92 20 73 18 99 34 33 35 80 50 29 90 95 43 17 13 22 41
                               59 63 78 12 5 58 14 7 60 0
Path total distance:          689218

Executing 2-opt swap
Elapsed time (ms):            13
Path after 2-opt:              0 42 37 87 97 79 53 23 4 16 56 21 26 8 14 58 5 12 78 59 63 41 90 13 22 95 17 43 29 99 18
                               73 34 33 35 24 38 61 52 92 82 20 50 80 44 69 3 96 31 6 74 1 93 46 81 66 76 88 94 25 77
                               75 10 30 15 89 27 48 67 9 62 70 57 71 28 40 49 19 65 45 32 83 36 2 86 68 98 54 85 64 91
                               84 47 11 51 39 60 7 72 55 0
Path total distance:          573209 (17%)

---------- edges_200.csv ----------
Elapsed time (ms):            8476
Path:                          0 88 126 174 97 151 137 64 143 63 111 178 10 156 191 32 159 42 85 154 132 138 58 39 170 185 157 129 135 6 123
                               92 47 105 22 7 121 70 100 119 33 99 91 78 5 198 89 80 116 199 146 148 147 145 77 189 183 169 81 66 29
                               197 192 2 165 13 84 18 163 53 55 95 158 79 19 11 173 176 74 109 59 25 87 9 45 50 28 40 184 72 75
                               101 4 8 41 141 193 67 150 16 62 153 57 186 71 56 115 142 23 44 127 110 162 86 161 82 149 194 106 31 76
                               35 94 43 160 113 179 181 60 96 134 177 139 188 103 69 21 196 114 190 51 102 108 136 15 182 124 17 48 152 167
                               144 187 98 93 83 166 52 36 175 3 155 34 128 68 133 20 125 164 120 14 104 30 131 117 65 54 180 49 12 140
                               112 195 118 130 26 27 61 168 38 172 46 1 107 73 171 37 90 122 24 0
Path total distance:          892616

Executing 2-opt swap
Elapsed time (ms):            100
Path after 2-opt:              0 88 138 58 154 132 39 42 85 150 16 62 67 41 141 193 8 101 4 75 72 184 40 104 14 28 50 45 9 87 109
                               59 25 74 176 130 118 43 160 181 179 113 94 1 107 73 171 37 90 122 24 186 153 57 71 56 115 142 23 127 162
                               110 44 31 76 35 106 194 149 86 161 82 46 168 38 172 61 27 26 195 155 34 128 60 68 3 133 36 175 52 166
                               83 93 98 187 167 144 48 152 17 124 182 15 136 108 102 51 190 114 196 21 69 139 177 103 188 96 134 112 140 117
                               65 54 180 49 12 131 30 120 173 11 164 20 19 125 79 158 95 53 55 163 18 84 13 165 2 192 197 119 121 70
                               100 7 22 105 47 92 123 6 135 170 185 157 129 198 5 78 91 99 33 148 199 146 116 80 89 147 145 77 183 169
                               81 189 29 66 32 159 156 191 10 178 63 111 151 137 143 64 97 174 126 0
Path total distance:          701733 (21%)

---------- edges_300.csv ----------
Elapsed time (ms):            19433
Path:                          0 93 239 290 65 44 122 78 234 271 62 98 198 3 10 274 100 181 80 244 16 39 161 4 248 289 9 169 174 132 258
                               176 167 88 163 173 136 299 199 298 131 15 1 110 139 125 145 170 292 13 112 233 189 68 148 152 218 287 236 141 151
                               285 178 242 264 227 180 150 251 281 41 175 52 58 182 55 12 99 265 70 90 240 224 34 75 291 297 171 158 259 76
                               87 206 74 95 29 92 19 273 261 193 146 33 196 207 128 221 124 185 38 225 91 129 36 188 267 168 137 47 194 133
                               130 48 28 8 268 11 166 104 280 22 278 210 127 35 83 296 204 192 186 219 135 81 56 40 283 159 94 222 275 253
                               228 231 123 140 43 97 288 197 213 121 45 229 32 115 105 205 223 272 191 232 144 190 111 84 23 69 250 61 49 106
                               101 53 270 183 64 252 156 255 71 103 184 108 2 89 162 179 256 153 107 214 42 77 155 109 51 157 114 286 211 27
                               134 21 63 24 59 120 216 246 26 57 243 293 269 238 85 143 86 20 254 262 215 295 249 237 195 67 187 226 14 230
                               82 241 79 245 142 5 294 257 282 263 116 276 149 31 277 217 66 18 30 117 72 138 119 220 50 165 209 118 200 46
                               201 102 113 260 202 235 208 37 172 154 203 164 160 177 96 279 247 126 17 7 266 73 60 25 6 284 54 212 0
Path total distance:          1272813

Executing 2-opt swap
Elapsed time (ms):            11717
Path after 2-opt:              0 93 10 274 100 244 80 248 225 38 150 146 193 124 221 185 251 261 273 128 207 196 33 180 227 264 92 29 19 281 41
                               52 175 58 182 55 170 292 13 112 233 189 68 148 152 218 236 287 265 99 12 119 70 90 158 240 34 224 75 291 297
                               171 259 76 208 235 202 260 113 209 50 165 220 102 118 200 46 201 203 154 60 54 284 73 266 7 17 247 126 279 177
                               96 160 164 6 25 172 37 87 206 95 74 138 217 66 18 277 31 117 30 72 114 293 243 57 238 85 143 86 20 254
                               134 27 21 63 24 211 286 269 157 77 155 51 109 214 42 256 107 153 179 162 89 2 246 216 120 59 26 229 32 115
                               105 205 223 272 191 232 144 190 111 84 23 69 250 61 108 184 103 255 71 156 270 183 53 101 106 252 64 49 45 121
                               213 197 288 97 43 159 283 56 40 94 275 222 253 228 231 123 140 204 166 104 296 83 35 127 210 278 22 280 192 186
                               219 135 81 11 268 8 28 130 48 133 226 14 187 67 195 230 241 82 116 276 263 149 245 142 5 257 294 282 79 168
                               188 267 36 194 47 137 237 141 151 295 242 178 215 262 285 249 173 136 299 199 298 131 125 145 1 110 139 258 176 163
                               88 167 132 174 169 9 289 91 129 181 39 16 161 4 3 198 98 62 212 271 234 44 122 78 15 239 65 290 0
Path total distance:          932612 (27%)

---------- edges_400.csv ----------
Elapsed time (ms):            33715
Path:                          0 66 65 139 222 178 49 254 26 321 13 235 188 295 56 386 240 335 345 143 357 199 51 198 205 253 123 174 293 131 225
                               392 82 92 269 300 388 58 113 37 91 102 362 125 212 36 367 218 309 130 105 306 189 142 291 33 153 128 326 161 246
                               204 261 206 162 70 251 201 81 287 337 276 387 9 265 10 60 242 298 177 207 170 391 129 145 292 282 55 379 109 80
                               126 249 325 85 257 97 186 319 132 59 238 19 384 209 179 121 244 147 117 63 360 111 323 342 290 30 180 224 328 338
                               330 5 195 378 78 69 135 310 155 301 181 374 299 54 84 339 28 285 29 381 215 245 314 100 14 237 284 258 31 159
                               25 352 94 252 312 86 347 376 368 87 267 93 375 365 53 44 344 331 210 1 351 192 304 79 16 393 213 248 308 4
                               271 95 296 394 47 371 283 157 75 294 83 48 332 11 196 32 289 361 43 18 133 151 322 353 8 250 395 346 272 398
                               106 373 366 241 107 278 369 88 23 382 329 124 173 6 46 256 15 390 313 349 247 73 185 137 122 316 239 171 74 273
                               140 227 383 27 363 24 255 21 71 327 141 396 118 259 270 103 187 62 112 167 370 380 190 7 216 22 286 158 193 343
                               134 152 90 127 268 234 389 232 341 307 144 38 231 264 358 156 183 175 263 164 116 279 217 61 108 233 169 236 20 146
                               72 184 274 377 3 266 355 277 324 77 101 99 98 96 348 288 39 243 226 359 40 302 317 149 12 333 262 42 182 208
                               17 138 35 110 203 191 68 229 334 168 172 176 275 2 76 223 194 202 364 150 67 320 165 154 354 160 385 89 228 200
                               52 281 64 399 115 220 340 119 50 34 336 350 372 120 311 197 211 57 303 356 166 136 315 260 163 305 297 104 221 318
                               219 214 45 41 280 114 148 230 397 0
Path total distance:          1540457

Executing 2-opt swap
Elapsed time (ms):            14919
Path after 2-opt:              0 222 193 158 286 22 144 152 90 268 7 127 96 348 288 39 243 226 359 40 302 101 98 99 317 277 324 77 264 156 358
                               183 175 263 164 116 279 217 233 108 61 169 236 20 184 72 146 274 377 3 266 355 216 234 389 232 341 307 134 343 38
                               231 92 82 392 386 56 335 240 269 300 388 58 36 367 309 218 280 91 102 37 113 212 125 362 114 148 115 220 119 340
                               50 221 219 318 214 41 45 230 397 281 52 200 228 64 399 385 89 160 364 150 67 320 165 154 354 223 194 202 76 2
                               275 176 172 168 334 163 260 315 166 303 356 136 105 306 189 142 57 311 197 211 336 34 372 350 297 305 104 120 130 235
                               26 13 321 345 143 188 295 357 199 198 205 51 253 123 174 293 131 225 254 349 313 390 16 15 79 46 342 290 30 180
                               224 328 195 5 338 330 78 378 360 63 117 147 323 111 85 325 126 249 109 379 282 55 292 145 59 238 19 384 209 229
                               129 391 170 265 10 207 177 298 242 60 276 387 9 162 206 261 337 70 251 201 81 287 153 128 33 291 161 326 246 204
                               244 121 179 80 132 319 97 186 257 191 68 203 69 173 6 361 289 48 332 11 196 32 43 18 133 151 322 106 373 398
                               272 346 395 366 250 241 107 8 353 124 23 382 329 88 278 369 110 42 182 17 208 138 35 12 262 333 100 14 284 237
                               149 347 86 312 252 94 258 159 31 25 352 368 87 376 44 53 365 93 267 375 331 344 363 27 327 71 21 255 383 227
                               140 24 118 396 141 273 122 171 74 239 316 339 28 285 29 381 314 245 215 137 185 73 247 157 75 294 83 135 310 155
                               301 181 374 299 95 296 394 283 84 371 47 54 248 308 4 271 213 393 256 192 304 351 178 49 210 1 187 62 370 167
                               112 380 190 103 270 259 139 65 66 0
Path total distance:          1088127 (29%)

---------- edges_500.csv ----------
Elapsed time (ms):            53175
Path:                          0 194 441 131 35 286 495 180 122 413 184 28 188 462 7 468 9 216 197 43 356 200 168 382 61 318 315 424 4 277 496
                               326 422 259 97 363 22 375 334 123 349 167 212 29 221 423 429 455 307 329 160 132 385 178 83 20 230 479 86 390 357
                               88 251 291 50 287 193 406 419 49 44 323 253 391 396 497 91 453 146 384 243 14 90 408 282 75 450 126 77 239 285
                               106 478 471 369 136 233 252 330 344 362 360 358 100 224 324 281 52 266 117 336 113 51 298 176 355 267 463 447 182 84
                               407 98 87 46 456 19 152 199 464 305 118 439 487 161 263 130 269 485 367 151 379 25 316 24 499 338 347 70 322 414
                               82 415 96 381 271 55 213 292 452 198 156 228 351 448 280 67 47 374 158 293 124 261 246 226 294 332 438 27 308 491
                               486 427 240 40 388 353 135 11 10 366 352 206 208 249 76 153 337 433 404 430 270 313 62 23 484 435 395 45 17 310
                               116 186 458 108 105 339 102 78 16 171 467 185 93 393 370 31 225 74 472 258 121 92 480 260 295 189 387 210 255 202
                               42 73 275 101 333 401 170 460 60 162 1 373 274 177 30 41 54 107 32 428 290 461 276 494 340 257 112 425 39 469
                               183 345 5 466 214 154 114 283 165 498 37 80 133 273 359 416 66 444 3 220 127 150 474 128 383 301 483 241 405 12
                               365 418 215 148 211 296 207 203 279 179 195 250 48 172 95 268 436 321 38 205 138 229 36 57 431 297 111 15 398 306
                               8 245 144 227 18 475 272 300 346 174 343 412 192 175 99 377 457 449 311 403 201 141 350 58 56 143 320 140 312 489
                               342 68 21 386 443 490 451 81 254 237 437 372 303 110 72 265 59 65 314 242 331 53 34 420 145 264 284 399 109 465
                               209 442 440 247 190 341 309 155 488 234 159 142 238 481 69 394 13 380 173 278 164 79 368 6 89 33 181 256 317 445
                               26 248 166 477 397 354 327 119 417 244 289 204 149 493 361 262 459 454 120 434 157 470 139 389 222 426 196 410 432 235
                               304 187 473 147 218 476 217 371 232 400 2 94 129 191 446 169 409 64 299 137 482 335 392 421 302 85 231 63 236 325
                               103 125 328 115 492 134 411 71 378 104 348 319 402 163 364 376 288 219 0
Path total distance:          1766890

Executing 2-opt swap
Elapsed time (ms):            20768
Path after 2-opt:              0 441 194 131 387 35 286 495 122 180 218 476 217 371 232 400 94 2 129 299 64 459 454 262 149 493 361 204 169 409 446
                               191 120 434 157 470 139 389 222 426 196 235 410 432 304 473 187 147 391 396 91 497 453 146 384 243 14 90 408 282 75
                               450 126 77 285 106 239 287 193 406 419 49 44 323 253 50 251 291 88 357 390 86 20 230 479 178 278 173 380 13 394
                               132 385 83 164 79 330 252 233 471 478 136 369 155 142 159 234 488 69 481 238 329 307 455 160 429 423 221 363 22 375
                               349 123 334 167 212 29 445 317 256 181 33 26 248 166 433 477 397 89 6 368 482 137 335 184 354 28 356 43 7 468
                               197 216 9 61 382 168 200 318 315 424 277 496 4 326 422 259 97 306 403 311 449 377 457 99 175 192 412 343 144 245
                               174 346 300 272 475 18 227 8 201 141 350 437 237 372 303 110 72 68 58 342 489 312 254 451 81 56 140 320 143 490
                               443 386 21 188 462 404 37 494 276 340 112 257 250 195 179 279 203 207 211 296 148 215 418 365 12 405 474 128 383 301
                               483 241 268 138 205 38 321 436 172 95 48 297 431 57 36 229 111 15 398 127 150 220 444 3 66 416 359 273 133 80
                               425 345 183 469 39 5 466 214 283 114 154 165 498 258 313 270 430 100 224 62 324 281 52 117 266 336 113 51 298 176
                               355 1 373 177 274 107 41 30 54 170 460 162 60 152 485 269 367 25 499 24 316 379 151 338 414 82 415 401 381 271
                               55 213 292 236 63 71 76 265 59 242 314 65 331 53 34 420 145 284 264 399 109 465 209 442 247 440 309 341 190 219
                               417 244 289 104 378 348 319 402 163 364 376 288 249 208 153 40 353 388 135 11 10 366 352 206 308 491 486 427 240 27
                               438 294 332 226 246 261 124 293 158 374 452 198 156 228 351 448 280 67 47 411 134 492 115 328 125 103 325 96 101 202
                               42 73 275 333 322 70 347 421 392 302 85 231 487 161 305 464 199 130 263 118 439 19 456 46 87 98 407 182 447 84
                               463 267 461 290 428 32 23 484 358 360 362 45 395 435 17 344 310 116 186 108 458 78 102 339 105 171 16 185 467 93
                               337 31 370 393 225 74 472 121 92 480 260 295 210 255 189 119 327 413 0
Path total distance:          1167925 (34%)

---------- edges_600.csv ----------
Elapsed time (ms):            77988
Path:                          0 225 508 325 217 108 249 171 99 130 403 424 179 83 371 568 487 271 27 184 183 137 187 107 169 202 509 367 37 550 298
                               423 174 398 429 560 559 226 25 319 531 555 95 165 561 595 490 342 257 346 28 516 194 462 96 195 144 472 554 396 598
                               388 501 66 256 289 61 186 237 535 192 480 466 376 120 69 3 19 489 372 359 313 47 244 42 119 273 475 269 498 495
                               283 239 337 281 553 93 152 327 476 240 148 415 149 274 4 506 546 207 155 182 78 2 500 447 40 102 524 300 580 494
                               13 222 246 268 60 232 311 533 541 139 532 52 10 304 81 210 34 515 228 12 73 36 185 543 380 11 481 142 216 124
                               15 75 64 85 549 434 113 288 49 193 315 448 345 334 453 356 331 528 341 505 422 582 366 146 23 110 451 430 284 33
                               365 262 176 564 58 400 369 573 519 265 151 79 173 477 439 389 153 557 46 138 402 552 310 503 467 129 235 521 251 118
                               443 392 583 263 279 511 86 238 350 74 307 587 548 329 459 588 525 296 259 248 374 399 360 539 339 318 255 401 596 51
                               87 243 1 522 43 496 435 89 65 353 575 357 577 209 572 264 261 266 556 297 29 378 486 542 203 21 558 394 199 579
                               529 26 343 457 520 112 180 442 117 460 97 133 381 166 510 454 39 56 458 471 473 167 484 391 348 100 31 413 126 54
                               538 599 196 285 330 143 136 241 417 456 208 282 276 426 536 132 140 236 188 363 215 530 361 410 309 440 488 278 229 109
                               67 80 253 5 586 206 162 245 18 20 254 291 204 370 499 163 418 352 105 30 213 468 303 260 379 98 62 569 433 445
                               358 197 159 164 90 427 191 523 395 201 121 128 316 354 355 177 545 141 91 590 518 537 168 94 198 170 280 547 230 517
                               127 527 135 513 205 218 223 450 333 581 150 344 479 234 258 483 469 114 247 589 323 335 464 336 134 338 312 59 250 68
                               8 349 115 452 551 463 382 84 92 383 287 375 351 111 347 385 214 116 272 290 364 597 156 428 594 425 326 324 419 321
                               563 416 493 77 227 436 220 88 470 82 502 104 242 38 302 190 106 71 211 407 41 455 540 585 431 387 441 306 231 233
                               178 157 17 294 411 72 408 122 200 562 63 293 482 24 485 14 465 48 161 292 328 491 50 44 175 406 172 270 275 9
                               267 432 514 123 507 332 181 70 446 404 578 421 565 437 125 145 474 591 154 593 35 301 526 497 438 393 570 189 305 377
                               478 131 386 317 412 566 22 158 444 512 322 55 571 299 414 320 368 147 160 76 101 103 574 219 7 295 340 252 212 277
                               534 362 504 420 584 286 373 6 314 449 405 409 492 16 32 45 221 384 308 576 53 390 461 57 224 544 567 397 0
Path total distance:          2063873

Executing 2-opt swap
Elapsed time (ms):            24867
Path after 2-opt:              0 225 508 325 217 108 249 171 99 269 475 594 428 425 293 326 156 597 290 364 272 214 116 385 419 463 382 84 493 77 227
                               436 220 88 104 82 470 502 150 581 483 469 258 234 479 344 114 211 71 106 190 302 38 242 92 383 287 375 351 111 452
                               551 563 321 347 115 349 8 416 250 68 324 312 338 59 63 562 200 294 411 72 408 122 233 231 157 178 17 455 407 41
                               540 585 589 247 464 336 134 335 323 441 387 431 223 450 306 333 180 112 529 26 343 457 520 579 203 542 170 198 94 168
                               537 518 590 141 91 545 177 316 128 523 395 355 354 29 297 556 230 547 280 517 486 378 127 527 135 513 292 161 14 465
                               218 205 48 485 24 482 273 119 359 47 313 244 489 372 42 120 69 3 19 376 466 186 61 289 554 388 501 66 353 65
                               243 1 87 51 266 261 264 357 572 577 209 575 522 201 121 62 98 569 191 427 379 468 303 260 159 197 358 445 433 164
                               90 213 30 105 352 418 163 204 370 499 291 254 20 363 188 236 140 132 536 285 143 330 136 276 426 196 599 538 54 309
                               410 361 215 530 348 100 31 413 126 21 558 199 394 162 586 206 245 5 18 80 67 109 229 278 253 488 440 484 473 167
                               391 282 208 456 417 241 74 350 39 510 454 166 381 133 380 11 481 543 124 142 216 185 36 73 97 471 458 56 541 139
                               532 10 52 12 228 515 34 210 81 304 238 86 279 511 322 571 412 317 566 444 512 158 22 368 320 414 64 75 460 117
                               442 45 409 32 16 492 405 449 314 6 373 504 584 420 286 362 534 277 212 252 15 340 295 7 219 574 103 101 76 160
                               147 299 55 263 443 392 583 85 138 46 557 251 118 552 310 503 467 129 235 521 402 23 110 284 430 451 33 365 262 176
                               564 58 400 79 173 153 389 477 439 549 315 193 49 288 113 434 151 265 519 573 448 345 334 453 356 331 528 369 422 341
                               505 44 50 491 328 432 267 9 406 175 270 172 275 533 474 145 125 301 154 591 526 582 570 189 305 478 377 386 366 131
                               146 497 438 393 35 593 546 207 447 500 2 78 182 155 446 404 578 421 437 565 240 148 93 553 281 337 327 152 476 300
                               524 102 40 507 332 181 70 415 123 514 506 4 274 149 239 283 495 498 580 494 13 559 226 25 319 398 429 560 222 95
                               531 555 174 165 561 595 342 490 257 346 28 60 423 298 550 37 169 107 367 268 246 424 397 179 403 130 311 232 509 202
                               567 544 224 83 371 568 487 137 516 194 462 96 187 27 184 183 271 43 307 587 459 329 548 525 588 384 296 259 248 308
                               221 318 374 399 539 360 339 53 576 596 401 255 57 461 390 89 496 435 144 472 598 396 237 535 192 480 256 195 0
Path total distance:          1299300 (37%)

---------- edges_700.csv ----------
Elapsed time (ms):            106267
Path:                          0 640 223 352 166 667 364 549 53 188 652 266 505 102 649 48 295 263 421 634 429 666 420 357 660 485 626 239 570 637 122
                               293 571 453 31 380 257 50 532 283 212 655 115 671 221 492 321 200 633 243 91 601 156 113 147 427 399 677 225 267 208
                               641 183 406 379 269 231 496 474 10 261 413 417 376 499 164 143 635 567 179 88 60 296 566 310 579 443 169 622 699 627
                               92 81 482 260 504 41 512 369 487 445 173 552 308 596 271 30 319 292 522 192 392 383 371 34 126 608 64 562 39 341
                               24 481 337 311 227 416 305 563 51 509 618 590 471 464 384 569 536 262 508 38 195 171 275 278 611 181 273 602 507 130
                               119 322 158 494 46 342 630 582 127 167 515 37 415 578 584 120 366 165 449 534 320 455 674 86 343 11 486 84 168 194
                               9 170 561 355 13 391 288 268 405 124 100 592 99 470 542 32 629 191 407 668 285 324 97 54 289 136 683 370 547 432
                               184 385 87 436 75 252 247 513 287 535 331 314 68 233 66 409 121 541 686 250 152 435 312 441 639 280 438 439 210 365
                               230 112 40 696 526 101 135 484 685 15 302 67 73 104 315 244 177 603 111 2 224 479 28 644 419 675 628 670 346 511
                               617 300 272 625 554 344 62 395 501 1 154 264 459 411 42 234 600 462 326 531 620 17 521 218 148 528 374 553 139 467
                               49 186 693 444 276 351 205 249 615 338 684 213 418 363 550 172 388 575 178 4 458 26 619 597 16 367 636 491 55 580
                               447 588 595 463 348 294 298 678 555 187 648 59 36 77 404 381 80 643 559 246 72 414 679 518 258 128 123 488 529 440
                               85 632 466 647 125 558 242 98 323 598 402 137 43 514 107 662 118 20 161 325 132 110 155 350 270 408 70 163 35 82
                               401 301 583 452 397 613 76 117 497 33 387 478 44 114 426 586 12 25 204 658 202 220 446 375 78 680 653 556 642 424
                               412 189 545 692 506 533 373 159 393 138 354 489 14 228 103 676 237 461 565 52 144 398 345 140 215 214 297 265 372 245
                               682 131 105 145 577 510 468 176 142 493 229 624 442 594 335 211 93 58 400 151 672 22 182 593 61 519 557 162 248 616
                               465 448 456 390 606 299 226 56 198 199 430 694 403 279 645 206 523 517 688 236 691 498 362 422 109 657 473 153 697 63
                               259 219 673 216 538 209 108 74 539 477 423 612 573 281 450 222 47 65 241 377 516 457 318 378 193 410 548 433 665 451
                               614 551 689 460 475 71 650 396 332 150 306 201 361 503 394 238 207 94 83 386 587 544 69 29 157 149 664 437 546 358
                               95 5 661 180 23 253 490 141 333 274 203 96 89 106 572 525 21 197 638 277 568 609 591 428 659 631 240 495 564 431
                               8 340 698 483 328 469 175 520 524 359 45 537 581 254 454 232 472 560 290 527 116 330 500 6 3 196 317 425 382 303
                               284 646 480 574 174 502 339 604 621 255 291 27 334 695 360 185 256 540 309 251 651 476 687 347 543 217 133 286 356 607
                               307 576 313 134 654 349 90 434 389 282 605 160 304 681 129 235 7 353 57 79 610 316 530 329 585 690 18 589 623 663
                               146 656 669 19 368 336 190 0
Path total distance:          2185670

Executing 2-opt swap
Elapsed time (ms):            29080
Path after 2-opt:              0 640 667 352 166 266 652 649 573 281 450 523 517 688 236 216 673 63 259 219 697 421 634 429 263 295 324 285 54 97 668
                               407 191 629 98 514 43 126 128 123 529 440 488 647 466 85 632 125 558 242 137 402 598 323 107 608 64 562 559 643 644
                               246 24 341 39 28 438 639 280 258 312 441 152 250 435 686 541 121 409 66 233 68 535 331 314 287 513 247 252 75 436
                               432 385 184 87 547 370 289 136 683 414 679 518 104 315 244 177 67 73 135 40 696 526 101 15 302 685 484 224 479 2
                               111 603 210 439 72 481 337 230 112 311 365 381 536 262 508 38 195 171 590 471 464 384 569 278 80 275 51 618 509 305
                               416 300 617 563 511 346 670 628 675 419 227 130 507 602 273 611 181 392 49 467 139 553 620 17 521 218 148 528 374 687
                               476 684 347 543 286 133 217 607 356 307 576 313 134 681 304 282 605 160 90 349 654 434 389 129 235 7 353 79 57 610
                               316 418 213 363 550 172 597 491 636 367 16 447 580 588 388 619 26 458 575 4 178 298 294 595 463 348 678 555 55 404
                               77 36 187 59 648 615 249 205 338 651 251 309 540 256 186 693 444 276 351 459 411 42 234 600 462 326 531 380 371 34
                               666 420 272 485 1 154 264 660 357 626 395 625 554 344 62 501 239 630 342 46 494 158 570 637 122 293 571 453 31 119
                               322 415 10 383 641 231 269 379 406 183 496 474 37 127 167 582 515 208 267 399 677 225 427 147 261 376 417 532 164 499
                               413 690 18 589 585 623 243 91 663 146 633 200 113 601 156 578 584 226 299 257 50 596 271 30 173 445 552 308 192 522
                               319 292 366 165 449 343 86 674 320 455 534 593 182 22 61 519 557 162 248 616 465 448 456 656 390 567 669 179 88 60
                               296 566 310 579 443 41 260 504 482 92 627 81 622 699 169 369 512 20 161 118 662 8 340 328 698 483 197 638 277 609
                               568 428 591 495 240 631 659 524 359 45 537 581 254 454 232 472 290 560 144 398 527 116 330 500 196 3 6 520 175 317
                               425 21 469 525 572 106 89 96 564 431 377 516 457 318 76 613 117 497 33 387 478 695 360 185 255 426 114 44 334 27
                               291 202 220 658 446 375 204 25 12 586 621 604 339 502 174 574 480 646 284 189 412 424 642 556 653 680 78 163 35 82
                               301 583 401 70 408 270 350 155 325 132 110 545 692 373 533 506 452 397 393 159 138 14 489 354 228 103 676 237 461 303
                               565 52 214 297 345 140 215 265 372 382 245 682 145 577 105 131 288 391 13 355 561 170 9 194 11 486 84 168 268 405
                               176 468 510 142 493 229 624 442 594 211 335 99 592 100 124 151 400 58 93 32 542 470 672 487 120 329 694 403 530 430
                               199 198 56 606 321 492 221 671 115 655 212 283 143 635 193 410 19 368 548 433 665 451 614 336 378 201 306 394 503 361
                               238 689 71 396 650 551 475 460 207 332 150 661 5 95 490 23 253 180 141 333 274 203 222 47 65 241 587 544 83 94
                               386 69 664 157 29 149 437 546 358 48 498 362 422 109 657 473 153 538 209 108 74 612 423 539 477 691 206 645 279 190
                               364 549 53 188 223 102 505 0
Path total distance:          1413529 (35%)

---------- edges_800.csv ----------
Elapsed time (ms):            1736091
Path:                          0 366 786 631 52 242 75 140 292 132 60 203 380 540 701 361 301 229 437 776 329 317 686 245 411 162 743 764 772 756 131
                               771 510 749 209 352 307 156 757 438 448 340 784 61 582 452 342 711 99 509 206 365 748 77 39 71 370 731 378 220 501
                               472 765 680 80 518 624 420 179 683 462 261 266 793 428 128 471 89 284 171 10 724 275 732 662 305 46 541 115 596 508
                               7 755 581 435 595 693 677 628 320 21 233 45 164 391 641 474 295 417 705 390 276 27 168 165 730 123 263 768 787 480
                               244 36 12 353 67 497 424 109 90 158 65 722 279 348 488 536 446 467 453 483 236 597 112 54 615 434 634 103 214 159
                               717 774 522 268 191 44 213 649 28 228 372 740 528 728 32 290 88 318 707 381 538 429 425 404 443 576 273 392 17 778
                               790 291 704 185 752 603 310 780 146 432 16 94 388 68 789 415 127 643 189 618 699 394 709 558 19 524 253 341 602 491
                               369 798 418 81 335 55 43 149 319 504 346 246 247 106 565 169 584 4 454 661 551 97 135 145 685 601 512 114 218 178
                               166 599 176 781 196 293 356 205 477 283 750 742 666 197 219 627 733 357 312 544 264 138 585 577 554 87 605 157 241 640
                               708 347 84 198 410 76 571 339 559 331 121 763 126 590 604 49 611 311 40 444 354 251 186 322 194 657 653 8 664 703
                               29 330 398 460 670 73 695 416 759 629 729 163 118 795 134 239 1 175 718 738 485 613 592 180 232 62 327 672 184 407
                               735 129 285 697 702 682 433 202 72 617 513 308 568 681 210 502 773 489 70 41 269 147 450 783 600 499 769 503 355 632
                               151 556 413 531 761 753 252 546 607 271 563 516 23 3 678 487 468 278 294 792 716 107 363 315 514 647 766 663 734 545
                               532 791 83 257 561 406 673 377 24 306 583 526 476 553 385 548 254 579 688 564 300 746 620 375 325 130 714 464 739 333
                               136 267 101 645 137 384 304 95 521 193 726 652 272 260 125 721 690 108 82 25 715 655 170 343 549 403 59 362 447 314
                               250 635 751 174 98 92 478 463 665 588 96 57 332 712 133 222 569 345 619 360 481 725 5 495 6 449 139 623 37 190
                               745 654 651 259 520 674 720 694 408 34 105 74 589 35 547 684 31 659 609 270 50 111 287 387 389 606 515 636 208 359
                               797 648 371 399 350 142 302 2 586 280 505 119 113 475 525 523 758 496 393 775 534 86 100 358 493 334 337 552 212 557
                               498 517 78 794 426 326 172 542 646 56 299 336 445 303 612 482 423 639 150 560 608 713 368 38 323 344 539 543 442 395
                               188 161 11 396 374 575 439 762 195 421 181 644 459 277 637 770 573 33 223 367 58 13 234 216 668 675 66 349 782 154
                               594 177 240 402 338 15 412 667 457 148 63 567 201 215 727 578 465 386 723 262 427 630 364 217 431 625 153 351 785 767
                               537 42 466 698 296 671 527 638 621 574 237 379 289 255 451 47 530 400 796 143 570 696 461 458 441 235 591 754 614 656
                               53 238 102 529 48 473 622 204 230 182 85 506 669 22 373 226 258 200 120 566 18 440 110 173 167 249 562 519 650 79
                               736 610 470 207 484 691 692 494 324 587 799 51 274 658 144 479 91 719 282 93 455 616 511 20 700 221 679 328 192 30
                               152 535 265 580 779 376 383 687 500 309 397 187 777 141 231 286 626 117 116 124 550 710 741 456 104 248 760 297 642 313
                               9 676 122 225 298 788 555 689 744 430 64 183 199 660 281 572 227 409 737 593 288 507 316 633 155 405 492 419 224 706
                               598 469 486 747 211 256 382 401 160 490 414 533 436 422 321 14 26 0
Path total distance:          2415728

Executing 2-opt swap
Elapsed time (ms):            32594
Path after 2-opt:              0 784 340 448 438 510 771 582 452 99 342 711 757 156 315 363 107 716 509 206 786 366 77 131 756 361 701 540 380 203 60
                               132 140 292 229 301 649 213 228 28 372 411 245 686 317 329 776 437 370 501 220 378 731 39 71 179 420 624 518 80 680
                               765 472 261 733 627 462 683 275 724 10 732 662 305 266 793 428 128 471 89 284 171 44 46 541 115 138 312 544 264 585
                               577 554 87 605 357 198 410 382 401 84 347 571 76 160 596 581 435 755 7 508 339 559 121 331 641 474 391 490 705 516
                               563 507 316 40 111 50 287 636 515 389 606 387 586 2 302 142 637 277 459 350 399 371 648 797 747 486 208 359 278 468
                               487 678 23 3 288 593 737 633 112 54 615 434 634 103 405 155 446 768 536 488 348 263 480 787 353 36 12 244 67 165
                               730 123 279 722 65 158 90 774 717 159 214 522 268 469 598 706 224 419 492 597 483 236 453 467 770 573 424 109 497 223
                               33 321 422 436 26 14 201 567 63 148 457 667 412 15 402 338 240 66 349 782 154 594 177 675 234 216 668 58 13 367
                               255 451 47 289 379 237 574 621 638 527 671 296 698 530 400 696 570 143 796 458 461 441 235 591 53 238 102 754 614 656
                               529 48 230 204 622 473 493 358 100 86 505 280 119 113 523 525 475 758 607 271 546 753 252 531 413 761 556 151 632 355
                               503 769 496 269 41 450 147 783 600 499 519 534 775 393 562 167 249 173 120 440 18 566 110 200 334 692 337 552 691 484
                               207 258 226 373 22 669 182 506 85 494 466 42 767 537 431 625 153 351 785 217 364 630 427 262 723 727 578 215 465 386
                               324 587 799 187 79 650 91 719 479 144 274 658 51 309 397 282 93 455 616 511 20 700 221 328 679 192 152 30 535 265
                               580 779 376 777 64 430 744 500 687 383 689 555 788 9 676 122 225 298 313 736 610 470 297 760 248 642 124 104 550 710
                               741 456 117 626 116 4 454 141 286 231 584 617 202 72 433 682 702 285 129 697 735 407 184 327 672 661 551 97 135 145
                               685 601 718 175 1 485 738 572 281 199 660 183 62 232 180 592 613 218 114 512 781 176 196 356 205 293 178 166 599 409
                               227 406 561 377 24 673 257 83 791 532 545 623 139 449 6 341 253 524 19 558 709 699 394 504 346 319 149 43 55 335
                               369 491 602 629 798 81 418 729 163 118 795 134 239 745 37 190 654 618 189 246 247 106 565 127 169 643 513 308 568 681
                               210 520 674 259 651 416 759 695 73 684 547 589 35 74 105 34 694 439 762 773 195 70 489 502 644 181 421 408 720 31
                               659 609 270 354 444 251 186 322 194 398 657 653 330 29 703 664 8 460 670 575 374 396 11 161 188 212 211 395 557 646
                               517 78 283 542 172 326 426 794 713 368 477 608 150 560 612 543 344 38 323 539 482 423 639 336 445 303 299 56 498 414
                               533 256 442 130 325 714 464 739 333 136 267 101 645 721 108 690 170 655 715 25 82 125 260 272 652 726 193 343 549 403
                               59 362 447 314 345 619 751 98 174 478 92 463 665 588 96 57 250 712 332 133 635 222 569 137 384 495 5 360 481 725
                               304 521 95 375 620 746 564 300 290 688 579 526 273 576 392 790 778 17 88 318 707 381 429 538 425 404 443 789 415 68
                               94 388 432 16 310 603 752 185 704 291 780 146 306 583 476 553 254 548 385 728 528 740 32 390 27 276 168 294 792 417
                               295 164 45 233 21 628 320 677 693 595 708 640 241 157 763 126 590 604 49 311 611 514 750 742 219 734 197 666 647 766
                               663 307 749 352 772 209 764 743 162 191 75 242 52 631 61 748 365 0
Path total distance:          1503968 (38%)

---------- edges_900.csv ----------
Elapsed time (ms):            168855
Path:                          0 771 887 75 707 867 7 352 584 299 135 288 71 35 327 65 863 518 448 405 845 180 107 673 276 570 742 30 432 186 703
                               868 856 724 388 312 619 2 869 15 384 888 528 731 730 381 88 539 282 363 224 279 79 14 338 187 73 632 801 447 705
                               535 245 86 318 54 431 194 538 613 554 423 779 429 858 17 281 116 722 241 258 781 46 758 591 147 175 74 325 503 684
                               544 832 580 802 549 169 111 823 445 106 410 185 37 526 572 512 562 734 343 749 263 373 209 295 614 517 120 855 746 227
                               202 441 328 401 696 766 315 690 740 815 321 1 139 851 41 803 496 842 881 36 586 377 574 294 534 898 433 688 513 536
                               354 521 304 621 846 700 243 256 775 222 564 645 70 29 655 737 177 287 25 463 303 44 262 184 884 404 121 471 537 810
                               335 255 261 692 137 480 519 182 597 76 439 468 446 143 610 756 49 818 606 122 408 899 516 161 474 274 511 472 510 134
                               500 697 213 246 339 164 130 491 337 89 95 493 402 718 357 207 566 495 668 211 732 40 850 759 115 356 365 349 891 126
                               397 533 110 830 764 809 849 685 612 824 77 652 233 10 634 329 464 456 581 761 387 154 826 886 291 50 215 853 379 751
                               666 63 99 520 306 23 316 297 340 505 860 659 894 583 394 336 236 249 403 411 569 543 91 706 370 726 817 451 85 32
                               559 864 234 196 778 879 795 661 552 6 847 607 138 112 587 11 436 808 681 223 883 838 268 94 848 271 635 893 708 56
                               290 676 836 609 672 547 882 286 865 540 712 545 765 871 3 650 101 757 568 531 212 859 320 603 622 425 131 252 372 833
                               51 639 704 437 96 747 39 760 103 442 582 487 479 575 124 835 298 398 208 600 427 633 805 278 814 225 716 57 438 822
                               788 430 132 168 68 465 270 791 458 102 424 774 34 20 816 355 416 454 64 762 629 755 237 257 170 369 745 642 444 114
                               523 895 171 608 843 515 711 218 13 345 767 160 501 307 330 260 59 653 374 548 736 418 296 150 686 199 61 26 489 9
                               344 178 889 717 428 560 205 877 565 689 558 593 506 314 839 47 264 617 152 852 167 420 486 484 272 640 419 62 820 22
                               678 644 399 219 244 524 595 358 248 671 230 409 78 376 254 201 269 440 265 5 649 807 866 790 98 148 872 477 235 508
                               892 380 880 799 407 19 240 280 28 305 841 450 81 682 800 796 250 293 12 473 367 567 396 125 197 557 289 657 643 141
                               105 873 530 627 350 341 16 592 317 386 364 109 811 769 460 605 878 382 662 142 414 804 455 709 695 82 247 553 490 664
                               155 687 485 172 8 854 66 21 391 100 4 786 60 406 481 677 589 229 231 763 457 206 221 362 390 636 579 342 541 585
                               654 669 753 228 735 699 571 625 108 412 738 772 378 220 834 90 151 563 393 385 323 624 532 679 466 72 400 347 594 870
                               52 97 693 857 58 665 359 628 561 332 794 787 117 675 83 702 277 874 331 421 275 546 217 159 616 602 283 590 319 203
                               578 253 828 183 300 525 556 840 713 641 190 478 827 67 844 368 80 522 371 452 798 576 467 198 267 92 658 285 214 885
                               555 529 660 309 577 118 482 38 84 119 302 776 242 395 324 413 188 334 266 691 514 550 792 189 133 144 770 462 392 226
                               24 158 599 301 87 310 812 48 698 623 259 596 459 729 181 104 417 53 153 876 789 875 383 861 743 797 680 651 862 157
                               415 670 715 663 475 647 637 601 674 366 638 598 499 461 470 754 33 739 727 897 476 701 821 273 498 360 780 129 488 389
                               720 311 768 348 145 333 714 604 127 162 667 793 193 504 210 492 149 656 426 829 744 93 140 216 785 683 626 156 435 123
                               136 783 128 55 179 351 542 494 509 741 453 346 507 618 615 896 630 113 308 326 18 165 353 284 434 725 443 191 573 449
                               750 782 251 710 819 45 146 806 483 719 752 611 497 176 890 322 777 200 173 551 195 748 648 163 784 837 631 238 31 813
                               422 502 831 42 361 69 733 694 646 469 292 27 43 239 773 174 721 723 166 728 620 527 825 313 232 192 204 588 0
Path total distance:          2704090

Executing 2-opt swap
Elapsed time (ms):            36400
Path after 2-opt:              0 34 20 93 744 288 135 584 299 690 740 815 321 1 139 360 780 129 68 175 74 325 503 88 684 458 791 185 410 539 282
                               363 544 398 208 147 591 633 758 258 781 46 722 241 427 600 132 430 822 788 438 57 716 225 805 278 814 404 537 471 121
                               177 737 655 29 70 287 463 25 303 262 44 884 184 487 479 575 835 124 810 298 255 335 261 692 137 731 528 15 17 858
                               779 429 279 224 554 423 613 538 194 431 54 446 79 14 318 86 245 705 535 333 122 606 714 408 899 73 187 338 632 801
                               447 818 49 756 143 610 76 597 439 468 855 746 227 441 202 328 401 116 281 384 888 480 182 519 730 111 169 549 802 580
                               832 381 823 445 106 120 517 614 295 209 373 749 263 343 734 562 512 572 526 37 193 793 162 604 504 127 667 465 270 2
                               869 619 312 388 428 724 856 868 703 717 186 432 276 673 570 742 30 83 331 546 275 421 602 702 277 874 616 159 217 26
                               489 9 344 178 889 418 736 150 296 686 199 61 374 548 345 13 501 160 307 767 330 260 59 653 218 515 711 843 608 171
                               895 523 283 114 590 319 203 578 253 828 183 300 525 556 840 713 641 478 190 67 844 827 444 642 351 179 369 55 745 368
                               80 371 522 683 542 576 798 452 579 362 636 390 285 658 92 885 214 221 206 457 231 229 763 302 119 84 38 482 776 242
                               589 660 467 267 198 529 555 309 577 118 677 395 334 324 413 188 792 550 514 691 266 39 760 582 442 103 317 386 364 592
                               406 778 627 350 341 16 91 706 32 559 864 234 481 370 726 817 451 85 196 879 530 873 105 141 557 197 643 657 289 60
                               786 391 100 4 125 21 66 854 795 393 385 323 687 485 172 466 679 624 532 8 661 552 6 847 607 138 112 396 859 293
                               695 82 12 473 367 567 587 11 155 664 455 709 247 490 553 407 19 799 804 380 880 892 508 235 477 280 240 28 305 662
                               414 142 841 450 223 681 808 436 883 838 682 800 81 109 848 271 635 101 757 568 531 51 639 622 250 603 320 796 425 372
                               252 131 833 747 96 437 704 543 569 411 212 332 359 628 561 148 872 94 268 672 547 882 286 865 540 712 545 765 871 3
                               650 836 609 893 708 56 290 676 605 878 382 460 769 811 594 870 347 400 72 97 693 857 228 735 669 753 108 625 571 699
                               52 98 790 866 807 649 269 58 40 495 566 520 402 493 483 719 752 611 890 176 497 322 777 200 195 551 173 648 748 163
                               784 837 422 502 831 42 192 232 313 500 510 134 472 511 274 161 474 339 164 130 491 516 337 246 213 697 166 723 728 620
                               527 825 773 239 721 174 43 27 292 646 469 694 733 361 69 238 31 813 631 588 204 95 89 718 357 207 306 23 316 297
                               340 505 860 659 894 464 329 583 394 336 830 764 533 397 110 77 824 612 685 891 126 849 356 850 115 759 809 634 10 233
                               652 826 249 236 886 291 403 50 215 853 379 751 63 666 154 387 761 456 581 365 349 211 732 668 99 417 104 53 153 876
                               789 377 378 772 738 412 574 513 846 700 243 621 304 536 354 521 256 775 222 898 645 564 688 433 294 534 875 383 861 663
                               475 647 637 601 638 426 829 674 366 149 656 492 210 145 768 348 311 720 389 488 168 821 727 897 476 701 739 33 754 470
                               461 499 598 715 670 415 157 651 862 743 797 680 586 90 151 563 834 459 729 181 146 806 654 5 265 440 22 409 78 376
                               254 593 558 689 565 877 205 560 201 506 314 839 665 117 675 486 484 272 787 794 420 852 167 152 617 264 47 640 419 62
                               820 585 133 144 541 342 189 770 462 392 226 24 644 678 671 230 248 358 595 524 244 219 399 158 599 301 87 310 812 596
                               259 623 698 48 220 45 819 710 251 782 750 449 573 725 443 191 626 435 156 123 696 766 315 881 36 498 273 851 41 803
                               496 842 353 165 434 284 308 113 630 615 896 507 618 741 509 453 346 326 494 18 762 629 755 816 454 416 355 64 128 783
                               136 237 257 170 327 65 216 785 405 448 845 180 107 518 863 140 35 71 75 887 771 102 424 774 707 867 7 352 0
Path total distance:          1612050 (40%)

