---------- /edges_25.csv ----------
Elapsed time (ms):            223
Path:                          0 6 5 13 20 3 14 19 11 16 1
                               4 10 2 9 18 15 24 21 7 22
                               23 17 8 12 0
Path total distance:          765020

---------- /edges_50.csv ----------
Elapsed time (ms):            1233
Path:                          0 47 45 44 33 1 15 17 32 36 12
                               21 22 46 48 31 28 7 29 25 43
                               16 14 40 26 3 18 41 38 8 24
                               35 37 9 34 30 42 6 5 23 27
                               13 19 2 10 11 39 49 4 20 0
Path total distance:          1574013

---------- /edges_100.csv ----------
Elapsed time (ms):            7618
Path:                          0 38 19 42 57 26 5 29 3 51 31
                               30 68 24 23 6 88 92 54 22 45
                               76 67 34 74 80 16 40 7 46 98
                               20 83 37 32 47 85 69 28 79 82
                               72 65 36 70 90 8 1 87 2 18
                               25 49 81 56 62 94 21 77 53 10
                               39 9 63 89 97 91 41 71 27 61
                               64 44 15 84 35 78 86 96 99 55
                               43 50 93 11 4 58 95 60 75 59
                               66 33 48 12 52 17 14 73 13 0
Path total distance:          3533206

---------- /edges_200.csv ----------
Elapsed time (ms):            52462
Path:                          0 98 58 14 174 161 80 9 113 136 162
                               170 148 141 86 169 40 153 70 88 127
                               146 93 19 166 105 115 182 178 194 39
                               23 72 30 73 139 125 10 188 172 49
                               110 129 54 187 190 121 64 165 62 41
                               83 197 167 176 142 101 103 38 159 114
                               89 156 108 138 117 106 140 5 26 32
                               180 143 123 68 43 112 44 147 175 154
                               157 133 132 179 96 6 42 37 102 92
                               82 189 27 126 18 124 90 177 57 31
                               195 20 24 81 15 192 152 91 75 128
                               185 186 155 144 160 199 85 104 48 191
                               134 63 118 122 47 97 51 67 60 17
                               168 33 193 71 12 171 77 36 55 66
                               107 79 183 35 150 69 149 78 109 76
                               29 22 131 56 137 145 46 100 59 116
                               130 99 151 74 111 119 198 94 65 184
                               8 7 34 16 61 84 181 196 13 52
                               173 21 95 135 50 1 158 3 2 120
                               163 25 11 28 4 164 45 53 87 0
Path total distance:          6412836

---------- /edges_300.csv ----------
Elapsed time (ms):            173169
Path:                          0 134 100 220 237 17 81 15 36 282 101
                               177 280 257 203 224 118 22 229 185 204
                               18 263 78 279 19 105 247 249 270 25
                               136 295 45 125 223 291 205 178 127 62
                               296 7 246 1 260 181 232 265 79 91
                               59 278 271 184 73 53 277 122 288 165
                               153 156 74 111 27 126 231 145 202 245
                               88 28 123 286 6 230 284 169 43 262
                               108 38 252 208 143 8 121 138 258 251
                               199 209 215 46 183 119 191 210 267 190
                               298 200 176 149 50 213 234 96 16 168
                               255 212 241 130 52 49 132 60 222 77
                               261 23 129 84 198 35 211 273 159 167
                               276 293 64 289 102 192 266 55 160 292
                               135 239 26 299 150 155 188 228 173 82
                               93 154 264 83 140 13 106 113 268 69
                               20 144 58 104 44 94 297 163 186 41
                               63 4 216 164 68 115 195 11 87 219
                               76 214 66 285 269 161 275 142 201 171
                               103 141 170 151 120 47 206 294 71 56
                               175 89 67 221 194 128 166 174 95 256
                               158 24 9 40 244 235 29 117 283 33
                               109 110 107 48 233 32 187 61 133 274
                               253 30 172 21 3 72 5 225 97 124
                               34 92 226 37 137 54 290 116 180 31
                               162 80 57 207 197 250 148 240 287 254
                               70 242 248 236 14 65 42 272 196 238
                               193 152 217 2 182 157 259 51 98 114
                               86 189 243 99 179 227 112 39 218 147
                               75 10 90 139 85 131 281 12 146 0
Path total distance:          10470989

---------- /edges_400.csv ----------
Elapsed time (ms):            401887
Path:                          0 232 382 40 202 341 171 205 108 337 272
                               304 331 226 369 227 70 323 72 149 298
                               370 343 267 289 162 98 294 362 395 129
                               14 330 363 5 209 312 355 81 77 105
                               327 136 317 309 191 333 336 138 192 347
                               268 320 183 154 133 349 286 17 60 99
                               11 164 131 24 174 44 156 224 102 328
                               134 187 367 87 383 76 59 199 93 265
                               124 159 179 28 279 353 339 277 186 208
                               206 182 196 218 329 220 97 200 346 307
                               266 58 246 264 210 9 254 106 91 368
                               127 344 204 116 379 380 335 398 225 6
                               184 64 290 177 53 297 324 120 175 172
                               325 100 198 257 36 73 110 61 181 377
                               390 359 147 219 85 375 68 214 38 194
                               203 284 152 332 104 250 57 82 19 62
                               376 378 236 313 121 247 287 94 358 170
                               155 201 302 361 388 18 228 111 143 262
                               293 169 197 366 50 151 128 20 12 165
                               263 242 119 291 281 10 166 84 130 63
                               158 364 126 46 285 90 241 374 101 306
                               310 109 71 86 319 269 67 215 47 397
                               88 103 233 160 237 55 314 399 274 385
                               157 300 23 357 21 4 89 229 243 176
                               273 35 148 13 373 350 42 135 235 185
                               221 145 354 107 125 316 251 7 31 161
                               239 386 8 65 278 223 39 360 96 365
                               326 122 255 288 180 139 276 345 334 258
                               140 173 115 338 193 78 146 381 240 48
                               112 244 66 217 150 132 3 321 245 52
                               348 256 32 92 238 69 234 212 249 394
                               391 74 43 371 207 295 261 79 54 33
                               15 389 282 372 387 190 118 51 248 142
                               351 305 123 283 213 216 117 80 315 270
                               25 27 340 396 322 178 231 384 41 144
                               275 95 153 137 37 195 167 211 292 356
                               252 253 75 303 29 311 141 163 352 259
                               22 222 299 2 49 260 392 280 83 26
                               113 301 318 296 189 271 114 1 30 45
                               188 168 308 34 342 230 16 393 56 0
Path total distance:          14250683

