---------- Real graph1 ----------
Executing approxTSP
Elapsed time (ms):            130
Path:                          0 496 878 221 98 7 152 87 928 654 411 92 362 272 254 720 822 491 352 746 477 956 245 283 697 522 938 58 166 118 210
                               590 788 465 688 382 263 366 680 182 466 807 865 932 564 621 953 851 798 149 303 495 95 350 9 933 230 600 39 399 394
                               652 761 768 874 838 576 962 852 897 685 704 148 776 346 330 922 191 262 632 662 161 521 378 842 244 550 957 306 20 671
                               689 544 917 16 144 154 310 853 696 557 364 356 554 666 747 992 674 76 574 452 937 138 542 845 984 645 926 646 159 168
                               97 769 25 458 174 414 752 3 875 709 861 431 54 448 935 990 494 160 93 101 325 597 348 151 499 764 45 165 178 622
                               213 593 565 754 192 323 451 818 29 442 82 238 169 820 30 28 217 537 419 602 778 783 475 467 355 794 717 74 371 535
                               566 309 403 255 620 805 555 18 145 735 904 464 15 545 256 281 618 413 703 531 690 810 386 817 982 560 487 35 285 52
                               722 806 105 363 153 215 368 561 24 871 232 66 707 375 422 677 840 827 156 517 724 320 226 960 786 315 905 534 384 829
                               916 443 607 700 950 183 891 436 802 715 206 354 478 885 514 628 427 526 899 738 737 841 418 484 970 90 587 506 562 488
                               390 649 945 67 432 890 753 823 634 579 472 473 279 70 643 421 981 710 766 423 299 194 208 141 307 651 391 896 135 673
                               698 774 294 559 556 468 942 56 944 910 171 239 357 404 361 892 425 524 661 455 672 316 681 948 124 519 881 686 679 198
                               359 32 481 629 317 177 343 784 289 919 125 252 490 958 911 176 150 43 241 358 943 2 196 110 848 639 857 23 377 236
                               586 660 53 79 61 207 497 34 379 461 77 94 312 844 520 298 615 888 530 268 337 10 446 972 332 295 757 224 109 502
                               780 146 803 927 719 921 533 767 619 995 656 858 594 69 751 349 898 259 864 435 834 664 718 48 227 389 886 929 57 308
                               441 447 277 119 117 811 635 883 369 954 180 627 212 123 598 12 678 62 120 78 271 250 139 184 190 536 321 201 492 996
                               895 122 655 463 650 504 675 668 27 242 445 50 116 64 693 89 216 300 529 46 22 140 291 516 501 572 936 112 939 270
                               909 322 410 978 732 31 908 360 987 313 623 297 85 974 292 750 699 373 815 143 631 781 973 335 705 460 588 296 131 543
                               563 702 583 218 280 454 584 426 17 625 613 913 743 286 831 828 901 626 611 553 837 658 924 41 558 147 683 809 860 420
                               785 505 580 951 21 203 338 859 100 507 438 114 282 102 115 408 415 453 914 331 398 893 55 510 955 450 946 193 311 528
                               527 969 589 830 900 485 596 595 345 341 799 111 429 276 609 65 993 665 965 284 240 44 659 742 511 633 792 966 11 439
                               839 843 868 989 68 333 884 977 202 406 444 604 591 787 40 372 821 233 253 854 509 235 647 301 181 608 998 167 940 14
                               682 175 437 525 267 923 902 551 667 104 407 644 136 569 223 518 59 729 695 428 573 869 879 687 480 691 708 474 887 80
                               906 88 762 849 269 38 433 273 83 314 793 344 471 539 967 777 882 712 907 84 195 397 126 185 264 304 334 489 971 347
                               388 988 880 260 63 179 128 832 862 503 547 999 8 462 470 416 508 577 209 234 251 157 758 381 103 985 873 258 246 374
                               606 760 290 493 694 912 417 188 365 287 814 237 541 383 592 324 405 819 225 36 6 610 796 400 170 833 538 581 648 789
                               638 986 641 801 570 512 49 877 949 42 759 523 107 721 329 716 173 302 199 172 340 546 99 903 47 636 612 163 73 730
                               748 370 548 457 412 4 701 599 261 500 934 353 72 51 1 189 328 779 81 713 275 396 129 430 469 127 920 795 121 249
                               941 231 976 456 211 395 856 108 870 782 540 808 142 894 755 459 670 727 994 204 571 847 393 409 773 257 440 33 797 130
                               975 653 385 961 952 342 305 376 726 850 200 603 205 133 741 164 486 676 86 162 479 790 825 692 684 220 187 731 765 642
                               617 402 725 739 968 740 219 214 476 991 749 318 925 964 380 736 265 351 424 616 959 734 824 96 657 846 449 222 515 186
                               278 855 979 663 947 624 826 756 197 770 772 876 813 863 498 963 288 247 37 800 26 387 319 19 401 13 575 931 293 669
                               532 714 771 866 640 930 614 585 228 997 889 605 582 637 482 5 872 578 763 513 71 113 733 229 243 706 983 791 744 630
                               91 552 75 336 158 568 434 60 775 867 836 367 804 339 132 248 326 483 392 812 137 711 918 274 915 567 745 155 549 816
                               327 266 601 106 723 835 980 728 134 0
Path total distance:          1141544

Executing ACO with 10 ants for 75 iterations
Elapsed time (ms):            130
Path:                          0 65 549 812 483 150 43 241 268 332 75 165 935 528 914 331 29 288 937 154 764 153 700 970 714 452 498 510 100 160 270
                               144 232 552 763 974 781 313 616 174 532 56 942 294 444 403 15 801 819 975 84 967 657 88 96 93 348 45 159 620 309
                               569 541 546 879 762 83 433 692 305 869 694 971 907 651 534 821 527 584 702 263 466 807 134 254 822 784 377 23 122 984
                               530 337 62 101 325 126 264 641 469 353 500 127 941 334 833 771 866 307 733 983 706 830 863 228 943 633 839 431 752 709
                               981 299 455 672 973 553 151 666 141 799 111 398 409 847 42 329 36 790 536 550 322 948 832 928 728 235 595 33 877 407
                               383 525 437 671 936 27 978 655 678 12 120 250 505 913 743 41 326 447 883 402 480 405 493 304 185 231 456 211 142 506
                               804 333 989 843 648 758 179 381 988 133 658 319 800 137 955 968 749 716 119 164 759 523 73 782 731 696 286 387 588 373
                               102 247 582 114 55 860 930 575 155 845 992 679 177 425 361 404 465 788 182 364 668 567 939 806 143 867 604 699 987 924
                               558 60 392 583 918 931 451 723 51 199 195 400 72 808 49 344 69 683 5 482 889 312 450 71 453 115 574 639 718 282
                               229 91 136 108 85 308 441 908 338 513 557 720 600 499 198 66 529 216 64 37 580 336 893 367 919 905 418 276 993 635
                               957 266 796 813 854 253 509 611 626 837 606 290 188 572 327 148 118 501 16 521 280 504 650 10 960 871 562 737 738 464
                               735 545 355 602 386 443 829 317 816 21 951 809 213 618 664 34 484 885 320 517 526 478 368 916 255 690 522 362 956 689
                               627 116 46 291 516 389 598 785 401 769 878 221 815 218 297 899 354 903 47 86 162 393 707 427 492 123 834 520 298 688
                               564 704 172 193 946 840 183 375 156 395 906 570 619 674 245 318 416 897 477 594 836 139 568 248 293 19 953 680 621 222
                               624 923 663 223 342 858 751 711 335 646 274 152 7 917 842 853 87 835 622 770 995 654 766 490 252 176 147 57 661 167
                               260 233 909 556 859 196 888 744 113 24 990 630 791 32 434 76 181 910 20 262 330 922 191 192 874 497 61 719 828 965
                               207 934 757 886 227 48 35 243 3 921 410 864 591 977 438 625 898 640 597 369 50 259 825 103 777 107 374 258 6 186
                               278 855 59 99 734 938 798 697 865 632 97 786 178 138 589 284 876 940 98 306 391 25 861 966 11 792 511 742 132 881
                               811 236 851 149 81 793 741 479 665 439 240 958 26 420 173 459 755 695 952 200 850 603 542 926 2 623 844 461 925 979
                               944 524 579 277 929 954 659 301 202 608 265 310 950 628 945 739 846 887 891 596 345 609 44 563 838 363 110 857 586 901
                               496 419 631 868 58 894 551 515 902 28 238 169 555 145 256 722 794 717 285 566 535 810 778 63 503 94 92 346 39 22
                               652 77 109 780 446 435 693 78 31 732 89 685 554 932 491 140 645 399 849 502 112 17 382 647 468 239 818 473 323 933
                               166 180 848 460 161 537 561 413 411 980 797 220 870 237 125 292 163 612 573 590 131 705 892 637 54 415 423 472 190 703
                               823 754 217 448 667 124 519 514 206 802 607 997 426 841 677 422 634 357 489 347 4 249 610 747 283 90 587 82 442 884
                               1 670 261 388 880 727 773 795 814 397 760 986 882 862 827 184 117 972 715 436 817 982 135 244 601 471 370 548 713 412
                               257 302 204 994 949 571 708 961 385 38 540 721 189 267 271 352 872 481 629 359 539 417 215 52 371 512 396 430 378 311
                               900 963 642 187 726 428 175 476 748 653 246 565 356 9 615 656 379 750 458 414 296 896 494 339 289 783 475 547 340 736
                               605 669 408 360 911 170 79 358 998 14 68 376 614 585 158 343 485 429 543 454 964 518 495 95 544 662 230 210 710 507
                               875 168 740 225 324 730 976 687 691 424 682 80 684 104 644 449 947 725 214 912 789 756 197 765 920 219 676 486 205 873
                               457 300 321 787 341 157 251 470 649 212 745 201 350 775 681 698 673 53 767 349 803 927 295 146 272 171 686 487 74 30
                               315 578 203 445 242 106 746 831 13 121 820 432 824 856 8 70 643 531 560 390 105 488 826 269 592 287 985 128 581 316
                               67 890 384 18 904 991 474 314 273 440 130 712 467 959 380 779 328 275 701 617 593 675 463 999 234 636 729 895 996 406
                               613 772 538 776 852 962 576 208 194 915 969 724 774 508 577 365 129 599 638 281 753 226 805 351 533 660 559 761 768 279
                               224 372 40 421 394 366 0
Path total distance:          7865620

Executing 2-opt swap
Elapsed time (ms):            1107
Path after 2-opt:              0 65 549 812 483 150 43 241 268 332 75 165 935 528 914 331 29 288 937 154 764 153 700 970 714 452 498 510 100 160 270
                               144 232 552 763 974 781 313 616 174 532 56 942 294 444 403 15 801 819 975 84 967 657 88 96 93 348 45 159 620 309
                               371 52 215 417 539 907 971 694 869 305 692 433 83 762 879 546 541 569 512 396 430 81 793 741 479 665 439 240 958 26
                               420 173 459 755 695 952 200 850 603 542 926 2 623 844 461 925 979 944 524 579 277 929 954 659 301 202 608 265 310 950
                               628 945 820 432 28 238 169 555 145 256 722 794 717 285 566 535 810 778 63 503 999 508 577 234 157 251 470 416 318 245
                               674 619 570 906 395 142 211 456 231 185 304 493 405 480 402 883 447 326 41 743 913 505 250 120 12 678 655 978 27 936
                               671 437 525 383 407 877 33 595 235 728 928 832 948 322 550 536 895 996 406 613 772 538 776 852 962 576 208 194 915 969
                               724 774 341 787 321 300 457 873 205 486 676 219 920 765 197 756 789 912 214 725 947 449 644 104 684 80 682 424 691 687
                               976 730 324 225 740 168 875 507 710 210 230 662 544 95 495 590 131 705 892 637 54 415 423 472 190 703 823 754 217 448
                               667 124 519 514 206 802 607 997 426 841 677 422 634 357 565 356 9 615 656 379 750 458 414 296 896 494 339 289 783 475
                               547 340 736 605 669 408 360 911 170 79 358 998 14 68 376 614 585 158 343 485 429 543 454 964 518 573 612 163 292 125
                               237 870 220 797 172 193 946 840 183 375 156 506 804 333 989 843 648 758 179 381 988 133 658 319 800 137 955 968 749 716
                               119 164 759 523 73 782 731 610 249 4 347 489 246 653 748 476 175 428 726 187 642 963 900 311 378 149 851 236 811 881
                               132 742 511 792 11 966 861 25 391 306 98 940 876 284 589 138 178 786 97 632 865 697 798 938 734 99 59 855 278 186
                               6 258 374 107 777 103 825 259 50 369 597 640 898 625 438 977 591 864 410 921 3 243 35 48 227 886 757 934 207 965
                               828 719 61 497 874 192 191 922 330 262 20 910 181 76 434 32 791 630 990 24 113 744 888 196 859 556 909 233 260 167
                               661 57 147 176 252 490 766 654 995 770 622 835 87 853 842 917 7 152 274 646 335 711 751 858 342 223 663 923 624 222
                               621 680 953 19 293 248 568 139 836 594 477 897 649 212 745 201 350 775 681 698 673 53 767 349 803 927 295 146 272 171
                               686 487 74 30 315 578 203 445 242 106 746 831 13 121 739 846 887 891 596 345 609 44 563 838 363 110 857 586 901 496
                               419 631 868 58 723 451 931 918 583 392 60 558 924 987 699 604 867 143 806 939 567 668 364 182 788 465 404 361 425 177
                               679 992 845 155 575 930 860 55 114 582 247 102 373 588 387 286 696 747 283 90 587 82 442 884 1 670 261 388 880 727
                               773 795 814 397 760 986 882 862 827 184 117 972 715 436 817 982 135 244 601 266 957 635 993 276 418 905 919 367 893 336
                               580 37 64 216 529 66 198 499 600 720 557 513 338 908 441 308 85 108 136 91 229 282 718 639 574 115 453 71 450 312
                               889 482 5 683 69 344 49 808 72 400 195 199 51 894 551 515 902 824 856 8 70 643 531 560 390 105 488 805 226 753
                               281 638 599 129 365 636 729 790 36 329 42 847 409 398 111 799 141 666 151 553 973 672 455 299 981 709 752 431 839 633
                               943 228 863 830 706 983 733 307 866 771 833 334 941 127 500 353 469 641 264 126 325 101 62 337 530 984 122 23 377 784
                               822 254 134 807 466 263 702 584 527 821 534 651 359 629 481 872 352 271 267 189 721 540 38 385 961 708 571 949 994 204
                               302 257 412 713 548 370 471 796 813 854 253 509 611 626 837 606 290 188 572 327 148 118 501 16 521 280 504 650 10 960
                               871 562 737 738 464 735 545 355 602 386 443 829 317 816 21 951 809 213 618 664 34 484 885 320 517 526 478 368 916 255
                               690 522 362 956 689 627 116 46 291 516 389 598 785 401 769 878 221 815 218 297 899 354 903 47 86 162 393 707 427 492
                               123 834 520 298 688 564 704 980 411 413 561 537 161 460 848 180 166 933 323 473 818 239 468 647 382 17 112 502 849 399
                               645 140 491 932 554 685 89 732 31 78 693 435 446 780 109 77 652 22 39 346 92 94 463 675 593 617 701 275 328 779
                               380 959 991 474 314 273 440 130 712 467 904 18 384 890 67 316 581 128 985 287 592 269 826 351 533 660 559 761 768 279
                               224 372 40 421 394 366 0
Path total distance:          6613518 (16%)

